gps_Date,gps_Time,gps_Lat,gps_Long,gps_Alt,gps_AltMSL,gps_SIV,gps_FixType,gps_CarrierSolution,gps_GroundSpeed,gps_Heading,gps_pDOP,pressure_hPa,pressure_degC,output_Hz,
2023/10/11,03:43:57.000,603835589,53315120,68592,24799,20,3,0,74,16100874,200,988.89,19.09,0.033,
2023/10/11,03:44:27.000,603835371,53314873,60135,16342,18,3,0,38,16100874,174,988.85,19.10,0.033,
2023/10/11,03:44:57.000,603835273,53315238,57869,14075,19,3,0,19,16100874,156,988.81,19.11,0.033,
2023/10/11,03:45:27.000,603835401,53315273,58546,14752,19,3,0,19,16100874,159,988.93,19.10,0.033,
2023/10/11,03:45:57.000,603835483,53315167,61461,17667,21,3,0,28,16100874,128,988.90,19.10,0.033,
2023/10/11,03:46:27.000,603835394,53315206,58707,14913,20,3,0,18,16100874,119,988.90,19.10,0.033,
2023/10/11,03:46:57.000,603835312,53315116,60060,16266,17,3,0,13,16100874,162,988.87,19.10,0.033,
2023/10/11,03:47:27.000,603835136,53315363,61857,18064,19,3,0,39,16100874,266,988.90,19.11,0.033,
2023/10/11,03:47:57.000,603835093,53315688,64335,20541,18,3,0,25,16100874,169,988.87,19.09,0.033,
2023/10/11,03:48:27.000,603835364,53315395,66795,23002,21,3,0,55,16100874,310,988.83,19.09,0.033,
2023/10/11,03:48:57.000,603835663,53315642,69084,25290,18,3,0,22,16100874,158,988.80,19.10,0.033,
2023/10/11,03:49:27.000,603835706,53315848,70803,27009,18,3,0,20,16100874,164,988.82,19.10,0.033,
2023/10/11,03:49:57.000,603835847,53316133,75557,31763,19,3,0,75,16100874,168,988.81,19.11,0.033,
2023/10/11,03:50:27.000,603835806,53316186,73949,30155,16,3,0,99,16100874,199,988.83,19.11,0.033,
2023/10/11,03:50:57.000,603835560,53316002,67591,23797,18,3,0,43,16100874,158,988.83,19.10,0.033,
2023/10/11,03:51:27.000,603835676,53315821,67800,24006,17,3,0,85,16100874,311,988.79,19.10,0.033,
2023/10/11,03:51:57.000,603835993,53314839,73012,29218,17,3,0,11,16100874,292,988.76,19.09,0.033,
2023/10/11,03:52:27.000,603836216,53314204,77422,33628,15,3,0,108,16100874,212,988.78,19.09,0.033,
2023/10/11,03:52:57.000,603836145,53314091,78089,34295,15,3,0,82,16100874,348,988.70,19.10,0.033,
2023/10/11,03:53:27.000,603835958,53314770,75539,31745,18,3,0,83,16100874,343,988.80,19.10,0.033,
2023/10/11,03:53:57.000,603835327,53315336,61092,17299,17,3,0,25,16100874,302,988.83,19.09,0.033,
2023/10/11,03:54:27.000,603835166,53315580,57110,13317,16,3,0,56,16100874,335,988.86,19.08,0.033,
2023/10/11,03:54:57.000,603835183,53315148,56376,12582,18,3,0,16,16100874,229,988.89,19.07,0.033,
2023/10/11,03:55:27.000,603835124,53315011,54298,10504,17,3,0,42,16100874,349,988.89,19.08,0.033,
2023/10/11,03:55:57.000,603835152,53315317,55720,11927,18,3,0,12,16100874,145,988.79,19.10,0.033,
2023/10/11,03:56:27.000,603835089,53315748,53989,10195,17,3,0,94,16100874,184,988.77,19.11,0.033,
2023/10/11,03:56:57.000,603835082,53315419,55050,11257,17,3,0,31,16100874,376,988.80,19.12,0.033,
2023/10/11,03:57:27.000,603835115,53315347,55964,12170,17,3,0,35,16100874,366,988.71,19.12,0.033,
2023/10/11,03:57:57.000,603835193,53315329,56592,12798,17,3,0,37,16100874,196,988.64,19.12,0.033,
2023/10/11,03:58:27.000,603835408,53314938,61091,17297,19,3,0,23,16100874,140,988.58,19.10,0.033,
2023/10/11,03:58:57.000,603835510,53312841,58929,15136,17,3,0,23,16100874,271,988.59,19.09,0.033,
2023/10/11,03:59:27.000,603835544,53312440,59471,15678,19,3,0,59,16100874,147,988.66,19.08,0.033,
2023/10/11,03:59:57.000,603835481,53312540,55867,12073,20,3,0,33,16100874,298,988.65,19.08,0.033,
2023/10/11,04:00:27.000,603835312,53313412,64458,20664,20,3,0,27,16100874,210,988.58,19.09,0.033,
2023/10/11,04:00:57.000,603835487,53314128,70498,26704,20,3,0,24,16100874,191,988.50,19.08,0.033,
2023/10/11,04:01:27.000,603835742,53314107,74030,30236,19,3,0,19,16100874,350,988.53,19.08,0.033,
2023/10/11,04:01:57.000,603835900,53313974,74926,31132,18,3,0,22,16100874,285,988.57,19.06,0.033,
2023/10/11,04:02:27.000,603835864,53313435,71398,27604,17,3,0,22,16100874,251,988.54,19.08,0.033,
2023/10/11,04:02:57.000,603835681,53313959,67272,23478,19,3,0,50,16100874,345,988.51,19.07,0.033,
2023/10/11,04:03:27.000,603835683,53313364,66873,23080,18,3,0,28,16100874,185,988.57,19.08,0.033,
2023/10/11,04:03:57.000,603835438,53313473,63291,19497,19,3,0,86,16100874,179,988.56,19.08,0.033,
2023/10/11,04:04:27.000,603835257,53313316,60951,17158,17,3,0,53,16100874,187,988.61,19.07,0.033,
2023/10/11,04:04:57.000,603835310,53313244,60760,16966,17,3,0,52,16100874,231,988.57,19.07,0.033,
2023/10/11,04:05:27.000,603835850,53312718,70171,26378,18,3,0,77,16100874,185,988.62,19.07,0.033,
2023/10/11,04:05:57.000,603835919,53312945,73568,29774,20,3,0,39,16100874,157,988.53,19.08,0.033,
2023/10/11,04:06:27.000,603836112,53312647,77186,33392,21,3,0,35,16100874,173,988.59,19.10,0.033,
2023/10/11,04:06:57.000,603835975,53312726,76787,32993,18,3,0,53,16100874,288,988.61,19.10,0.033,
2023/10/11,04:07:27.000,603836216,53312143,82452,38658,20,3,0,50,16100874,175,988.54,19.10,0.033,
2023/10/11,04:07:57.000,603836646,53311483,87118,43324,20,3,0,18,16100874,162,988.56,19.10,0.033,
2023/10/11,04:08:27.000,603836861,53311584,90223,46429,18,3,0,46,16100874,233,988.57,19.09,0.033,
2023/10/11,04:08:57.000,603836567,53311489,83999,40205,19,3,0,38,16100874,218,988.47,19.08,0.033,
2023/10/11,04:09:27.000,603836689,53311798,88644,44850,17,3,0,13,16100874,170,988.47,19.08,0.033,
2023/10/11,04:09:57.000,603836592,53311964,88188,44394,19,3,0,16,16100874,161,988.51,19.09,0.033,
2023/10/11,04:10:27.000,603836302,53312274,82888,39094,18,3,0,13,16100874,169,988.56,19.10,0.033,
2023/10/11,04:10:57.000,603836367,53312465,83454,39660,19,3,0,35,16100874,282,988.50,19.09,0.033,
2023/10/11,04:11:27.000,603836499,53312215,85883,42089,19,3,0,43,16100874,137,988.49,19.08,0.033,
2023/10/11,04:11:57.000,603836521,53312459,86043,42250,17,3,0,29,16100874,151,988.49,19.08,0.033,
2023/10/11,04:12:27.000,603836495,53312538,84409,40615,18,3,0,67,16100874,208,988.50,19.08,0.033,
2023/10/11,04:12:57.000,603836383,53312254,82872,39078,15,3,0,27,16100874,220,988.59,19.09,0.033,
2023/10/11,04:13:27.000,603836419,53311734,84922,41128,17,3,0,36,16100874,187,988.60,19.09,0.033,
2023/10/11,04:13:57.000,603836372,53312115,86008,42214,17,3,0,94,16100874,227,988.59,19.08,0.033,
2023/10/11,04:14:27.000,603836399,53312147,89275,45481,18,3,0,17,16100874,190,988.62,19.08,0.033,
2023/10/11,04:14:57.000,603836679,53312741,97476,53682,17,3,0,61,16100874,180,988.57,19.07,0.033,
2023/10/11,04:15:27.000,603836519,53312308,89154,45361,16,3,0,68,16100874,180,988.60,19.07,0.033,
2023/10/11,04:15:57.000,603836168,53312186,80167,36374,17,3,0,50,16100874,179,988.67,19.07,0.033,
2023/10/11,04:16:27.000,603836284,53311925,82179,38385,17,3,0,18,16100874,279,988.66,19.07,0.033,
2023/10/11,04:16:57.000,603836435,53311635,85149,41356,19,3,0,18,16100874,150,988.79,19.07,0.033,
2023/10/11,04:17:27.000,603836616,53311448,88507,44713,19,3,0,40,16100874,151,988.78,19.07,0.033,
2023/10/11,04:17:57.000,603836663,53311426,88655,44861,20,3,0,67,16100874,154,988.88,19.06,0.033,
2023/10/11,04:18:27.000,603836470,53311316,84516,40722,16,3,0,66,16100874,187,988.81,19.05,0.033,
2023/10/11,04:18:57.000,603836425,53311358,84241,40447,17,3,0,86,16100874,202,988.67,19.05,0.033,
2023/10/11,04:19:27.000,603836054,53311101,74889,31095,18,3,0,51,16100874,181,988.79,19.04,0.033,
2023/10/11,04:19:57.000,603835987,53311097,73002,29208,17,3,0,94,16100874,385,988.68,19.03,0.033,
2023/10/11,04:20:27.000,603835944,53311203,71445,27651,20,3,0,39,16100874,166,988.52,19.05,0.033,
2023/10/11,04:20:57.000,603836150,53311511,75773,31979,19,3,0,33,16100874,179,988.38,19.05,0.033,
2023/10/11,04:21:27.000,603836465,53311161,80955,37161,17,3,0,81,16100874,161,988.34,19.05,0.033,
2023/10/11,04:21:57.000,603836723,53310929,86143,42350,19,3,0,11,16100874,247,988.30,19.06,0.033,
2023/10/11,04:22:27.000,603836643,53311268,85083,41289,20,3,0,39,16100874,156,988.26,19.06,0.033,
2023/10/11,04:22:57.000,603836485,53311440,82941,39147,18,3,0,21,16100874,161,988.19,19.05,0.033,
2023/10/11,04:23:27.000,603836630,53311173,85386,41592,20,3,0,35,16100874,171,988.21,19.04,0.033,
2023/10/11,04:23:57.000,603836809,53311338,86801,43008,17,3,0,15,16100874,168,988.25,19.06,0.033,
2023/10/11,04:24:27.000,603837138,53311836,95471,51677,18,3,0,29,16100874,170,988.21,19.04,0.033,
2023/10/11,04:24:57.000,603836781,53312086,88235,44441,17,3,0,30,16100874,171,988.20,19.04,0.033,
2023/10/11,04:25:27.000,603836685,53312153,86390,42596,17,3,0,24,16100874,163,988.17,19.05,0.033,
2023/10/11,04:25:57.000,603836848,53311114,91114,47320,18,3,0,39,16100874,231,988.25,19.06,0.033,
2023/10/11,04:26:27.000,603836828,53311086,94147,50353,16,3,0,15,16100874,233,988.29,19.06,0.033,
2023/10/11,04:26:57.000,603836574,53311620,89307,45513,17,3,0,102,16100874,159,988.27,19.05,0.033,
2023/10/11,04:27:27.000,603836957,53311710,98782,54988,20,3,0,98,16100874,136,988.26,19.06,0.033,
2023/10/11,04:27:57.000,603836725,53311604,92140,48346,20,3,0,85,16100874,137,988.24,19.05,0.033,
2023/10/11,04:28:27.000,603836448,53310904,87894,44100,19,3,0,45,16100874,135,988.34,19.05,0.033,
2023/10/11,04:28:57.000,603836255,53311224,81752,37958,16,3,0,8,16100874,175,988.19,19.05,0.033,
2023/10/11,04:29:27.000,603836444,53311331,85025,41231,17,3,0,29,16100874,171,988.25,19.05,0.033,
2023/10/11,04:29:57.000,603836727,53311209,88241,44447,18,3,0,36,16100874,160,988.26,19.05,0.033,
2023/10/11,04:30:27.000,603836750,53310960,88767,44973,18,3,0,53,16100874,213,988.23,19.05,0.033,
2023/10/11,04:30:57.000,603836870,53310661,88520,44726,18,3,0,37,16100874,146,988.09,19.05,0.033,
2023/10/11,04:31:27.000,603837113,53310675,90601,46807,16,3,0,44,16100874,173,988.19,19.04,0.033,
2023/10/11,04:31:57.000,603837049,53311144,93443,49649,20,3,0,12,16100874,158,988.21,19.04,0.033,
2023/10/11,04:32:27.000,603836951,53311606,92085,48291,16,3,0,30,16100874,166,988.22,19.02,0.033,
2023/10/11,04:32:57.000,603836989,53311185,90725,46931,16,3,0,26,16100874,160,988.24,19.0,0.033,
2023/10/11,04:33:27.000,603836990,53310894,90773,46979,17,3,0,72,16100874,163,988.15,19.0,0.033,
2023/10/11,04:33:57.000,603836959,53311089,89928,46134,17,3,0,30,16100874,208,988.18,19.01,0.033,
2023/10/11,04:34:27.000,603836683,53311715,86022,42228,19,3,0,78,16100874,141,988.20,19.01,0.033,
2023/10/11,04:34:57.000,603836721,53311353,89076,45282,18,3,0,50,16100874,161,988.22,19.01,0.033,
2023/10/11,04:35:27.000,603836755,53311321,92670,48876,19,3,0,232,16100874,158,988.16,19.01,0.033,
2023/10/11,04:35:57.000,603836454,53311835,87492,43699,18,3,0,27,16100874,174,988.11,19.04,0.033,
2023/10/11,04:36:27.000,603835911,53312281,79803,36009,18,3,0,88,16100874,168,988.06,19.05,0.033,
2023/10/11,04:36:57.000,603835887,53312504,79726,35933,17,3,0,61,16100874,206,988.09,19.07,0.033,
2023/10/11,04:37:27.000,603835788,53312406,75523,31729,17,3,0,24,16100874,196,988.02,19.07,0.033,
2023/10/11,04:37:57.000,603835688,53311883,72923,29129,16,3,0,29,16100874,209,987.97,19.07,0.033,
2023/10/11,04:38:27.000,603835696,53312156,72612,28818,18,3,0,50,16100874,144,988.02,19.07,0.033,
2023/10/11,04:38:57.000,603835985,53312158,76455,32661,19,3,0,22,16100874,142,987.97,19.06,0.033,
2023/10/11,04:39:27.000,603836139,53311697,80033,36240,17,3,0,36,16100874,191,987.94,19.06,0.033,
2023/10/11,04:39:57.000,603836328,53311504,83637,39843,19,3,0,29,16100874,145,987.89,19.06,0.033,
2023/10/11,04:40:27.000,603836425,53311508,84901,41107,18,3,0,26,16100874,127,987.84,19.06,0.033,
2023/10/11,04:40:57.000,603836506,53311611,84935,41141,17,3,0,4,16100874,190,987.91,19.06,0.033,
2023/10/11,04:41:27.000,603836451,53311700,84819,41026,18,3,0,17,16100874,184,987.86,19.06,0.033,
2023/10/11,04:41:57.000,603836461,53311632,86715,42921,17,3,0,36,16100874,186,987.85,19.06,0.033,
2023/10/11,04:42:27.000,603836490,53311505,87657,43863,19,3,0,39,16100874,132,987.83,19.06,0.033,
2023/10/11,04:42:57.000,603836406,53311419,85965,42171,18,3,0,125,16100874,137,988.04,19.08,0.033,
2023/10/11,04:43:27.000,603836504,53311425,85758,41964,20,3,0,27,16100874,152,988.15,19.09,0.033,
2023/10/11,04:43:57.000,603836365,53311397,84108,40314,18,3,0,51,16100874,137,988.31,19.10,0.033,
