gps_Date,gps_Time,gps_Lat,gps_Long,gps_Alt,gps_AltMSL,gps_SIV,gps_FixType,gps_CarrierSolution,gps_GroundSpeed,gps_Heading,gps_pDOP,pressure_hPa,pressure_degC,output_Hz,
2023/10/11,18:51:57.000,603836435,53312080,75082,31289,19,3,0,13,28635920,140,985.37,18.96,0.033,
2023/10/11,18:52:27.000,603836440,53311773,76090,32296,22,3,0,14,28635920,118,985.43,18.96,0.033,
2023/10/11,18:52:57.000,603836400,53311635,75082,31288,22,3,0,28,28635920,114,985.39,18.96,0.033,
2023/10/11,18:53:27.000,603836325,53311911,74020,30226,19,3,0,12,28635920,131,985.37,18.95,0.033,
2023/10/11,18:53:57.000,603836210,53312331,72355,28561,20,3,0,3,28635920,134,985.32,18.95,0.033,
2023/10/11,18:54:27.000,603836193,53312085,72478,28684,19,3,0,8,28635920,144,985.36,18.95,0.033,
2023/10/11,18:54:57.000,603836324,53311982,74486,30692,21,3,0,9,28635920,158,985.39,18.95,0.033,
2023/10/11,18:55:27.000,603836350,53312108,73649,29856,19,3,0,64,28635920,157,985.40,18.96,0.033,
2023/10/11,18:55:57.000,603836313,53312538,71886,28092,22,3,0,17,28635920,112,985.40,18.96,0.033,
2023/10/11,18:56:27.000,603836285,53313015,71393,27599,21,3,0,17,28635920,118,985.44,18.96,0.033,
2023/10/11,18:56:57.000,603836234,53313206,71585,27791,18,3,0,5,28635920,150,985.49,18.95,0.033,
2023/10/11,18:57:27.000,603836279,53312659,71593,27800,20,3,0,38,28635920,138,985.47,18.96,0.033,
2023/10/11,18:57:57.000,603836286,53312644,71939,28145,19,3,0,18,28635920,154,985.55,18.95,0.033,
2023/10/11,18:58:27.000,603836353,53312379,72609,28815,18,3,0,35,28635920,152,985.39,18.95,0.033,
2023/10/11,18:58:57.000,603836370,53312000,73528,29735,19,3,0,22,28635920,136,985.41,18.96,0.033,
2023/10/11,18:59:27.000,603836291,53311799,72893,29099,21,3,0,5,28635920,134,985.47,18.95,0.033,
2023/10/11,18:59:57.000,603836259,53311665,72413,28619,21,3,0,23,28635920,144,985.34,18.93,0.033,
2023/10/11,19:00:27.000,603836337,53311602,72720,28926,19,3,0,13,28635920,152,985.44,18.93,0.033,
2023/10/11,19:00:57.000,603836368,53311730,72557,28764,20,3,0,16,28635920,133,985.43,18.91,0.033,
2023/10/11,19:01:27.000,603836337,53312064,71837,28043,19,3,0,11,28635920,132,985.49,18.92,0.033,
2023/10/11,19:01:57.000,603836383,53312250,71948,28154,20,3,0,61,28635920,131,985.52,18.94,0.033,
2023/10/11,19:02:27.000,603836338,53312871,70775,26981,19,3,0,8,28635920,125,985.58,18.93,0.033,
2023/10/11,19:02:57.000,603836361,53313033,71781,27987,20,3,0,44,28635920,131,985.49,18.94,0.033,
2023/10/11,19:03:27.000,603836424,53312883,72693,28899,22,3,0,19,28635920,134,985.55,18.93,0.033,
2023/10/11,19:03:57.000,603836412,53312241,73164,29370,20,3,0,7,28635920,142,985.58,18.93,0.033,
2023/10/11,19:04:27.000,603836319,53312128,73661,29867,21,3,0,11,28635920,119,985.69,18.94,0.033,
2023/10/11,19:04:57.000,603836273,53312217,73933,30139,19,3,0,48,28635920,136,985.65,18.94,0.033,
2023/10/11,19:05:27.000,603836239,53312450,74579,30785,19,3,0,16,28635920,134,985.72,18.93,0.033,
2023/10/11,19:05:57.000,603836433,53312593,76236,32442,21,3,0,16,28635920,141,985.72,18.94,0.033,
2023/10/11,19:06:27.000,603836474,53312439,76454,32660,19,3,0,22,28635920,133,985.75,18.93,0.033,
2023/10/11,19:06:57.000,603836338,53312874,75215,31421,19,3,0,31,28635920,142,985.78,18.95,0.033,
2023/10/11,19:07:27.000,603836266,53312710,74709,30915,20,3,0,13,28635920,133,985.78,18.96,0.033,
2023/10/11,19:07:57.000,603836295,53312649,76325,32532,20,3,0,6,28635920,117,985.78,18.96,0.033,
2023/10/11,19:08:27.000,603836206,53312687,76936,33142,19,3,0,14,28635920,133,985.71,18.96,0.033,
2023/10/11,19:08:57.000,603836336,53312520,80034,36240,20,3,0,22,28635920,134,985.72,18.96,0.033,
2023/10/11,19:09:27.000,603836320,53312180,81418,37624,20,3,0,41,28635920,153,985.75,18.96,0.033,
2023/10/11,19:09:57.000,603836176,53312238,81673,37879,20,3,0,6,28635920,118,985.69,18.96,0.033,
2023/10/11,19:10:27.000,603836049,53312263,80712,36918,19,3,0,5,28635920,124,985.63,18.96,0.033,
2023/10/11,19:10:57.000,603835953,53312188,80416,36622,18,3,0,10,28635920,138,985.63,18.96,0.033,
2023/10/11,19:11:27.000,603836027,53312097,82116,38322,18,3,0,31,28635920,146,985.63,18.95,0.033,
2023/10/11,19:11:57.000,603836137,53311827,81839,38045,18,3,0,29,28635920,126,985.64,18.95,0.033,
2023/10/11,19:12:27.000,603836216,53311832,79588,35794,17,3,0,48,28635920,145,985.70,18.94,0.033,
2023/10/11,19:12:57.000,603836130,53312327,78271,34477,17,3,0,101,28635920,133,985.61,18.94,0.033,
2023/10/11,19:13:27.000,603836097,53312343,77639,33845,18,3,0,5,28635920,127,985.60,18.95,0.033,
2023/10/11,19:13:57.000,603836144,53312559,78621,34827,18,3,0,21,28635920,147,985.51,18.95,0.033,
2023/10/11,19:14:27.000,603836104,53312691,78706,34912,20,3,0,67,28635920,119,985.57,18.96,0.033,
2023/10/11,19:14:57.000,603836080,53312799,78486,34692,18,3,0,20,28635920,134,985.66,18.94,0.033,
2023/10/11,19:15:27.000,603835974,53312469,80338,36544,17,3,0,28,28635920,152,985.58,18.93,0.033,
2023/10/11,19:15:57.000,603835821,53312523,80637,36843,17,3,0,15,28635920,150,985.51,18.92,0.033,
2023/10/11,19:16:27.000,603835714,53312740,79758,35965,16,3,0,16,28635920,138,985.50,18.92,0.033,
2023/10/11,19:16:57.000,603835892,53313141,80180,36386,18,3,0,34,28635920,146,985.55,18.93,0.033,
2023/10/11,19:17:27.000,603835987,53313391,78917,35123,17,3,0,49,28635920,138,985.47,18.93,0.033,
2023/10/11,19:17:57.000,603836122,53313223,78752,34958,18,3,0,30,28635920,126,985.52,18.93,0.033,
2023/10/11,19:18:27.000,603836254,53312906,80139,36346,17,3,0,27,28635920,148,985.54,18.94,0.033,
2023/10/11,19:18:57.000,603836314,53312762,80260,36466,18,3,0,31,28635920,129,985.54,18.95,0.033,
2023/10/11,19:19:27.000,603836254,53312856,79641,35847,20,3,0,157,28635920,124,985.47,18.95,0.033,
2023/10/11,19:19:57.000,603836214,53312685,80194,36401,16,3,0,58,28635920,147,985.43,18.95,0.033,
2023/10/11,19:20:27.000,603836127,53313097,77265,33471,17,3,0,57,28635920,147,985.47,18.92,0.033,
2023/10/11,19:20:57.000,603836218,53312567,78269,34475,17,3,0,6,28635920,129,985.51,18.92,0.033,
2023/10/11,19:21:27.000,603836294,53312426,82324,38530,19,3,0,37,28635920,120,985.59,18.91,0.033,
2023/10/11,19:21:57.000,603836317,53312451,85247,41453,19,3,0,79,28635920,128,985.49,18.90,0.033,
2023/10/11,19:22:27.000,603836273,53312150,84085,40291,19,3,0,14,28635920,120,985.54,18.90,0.033,
2023/10/11,19:22:57.000,603836233,53311963,80728,36934,19,3,0,19,28635920,137,985.54,18.91,0.033,
2023/10/11,19:23:27.000,603836131,53312027,79302,35509,20,3,0,56,28635920,166,985.54,18.93,0.033,
2023/10/11,19:23:57.000,603836140,53311914,80112,36319,19,3,0,24,28635920,119,985.63,18.92,0.033,
2023/10/11,19:24:27.000,603836091,53311875,79453,35659,18,3,0,59,28635920,129,985.57,18.92,0.033,
2023/10/11,19:24:57.000,603836080,53311786,80800,37006,18,3,0,13,28635920,130,985.64,18.92,0.033,
2023/10/11,19:25:27.000,603836136,53311674,83633,39839,18,3,0,20,28635920,128,985.48,18.92,0.033,
2023/10/11,19:25:57.000,603836194,53311726,83632,39838,18,3,0,43,28635920,169,985.55,18.92,0.033,
2023/10/11,19:26:27.000,603836260,53311621,83670,39876,19,3,0,11,28635920,128,985.63,18.92,0.033,
2023/10/11,19:26:57.000,603836322,53311732,85284,41490,19,3,0,5,28635920,115,985.59,18.93,0.033,
2023/10/11,19:27:27.000,603836327,53311762,86659,42865,19,3,0,27,28635920,124,985.61,18.92,0.033,
2023/10/11,19:27:57.000,603836368,53311966,86025,42232,20,3,0,31,28635920,113,985.72,18.92,0.033,
2023/10/11,19:28:27.000,603836356,53312036,84508,40714,20,3,0,49,28635920,121,985.68,18.90,0.033,
2023/10/11,19:28:57.000,603836460,53312185,79897,36103,20,3,0,9,28635920,148,985.62,18.90,0.033,
2023/10/11,19:29:27.000,603836516,53312267,79217,35423,19,3,0,12,28635920,157,985.75,18.89,0.033,
2023/10/11,19:29:57.000,603836532,53312006,83829,40035,19,3,0,26,28635920,158,985.55,18.89,0.033,
2023/10/11,19:30:27.000,603836530,53311679,84568,40774,19,3,0,34,28635920,133,985.67,18.89,0.033,
2023/10/11,19:30:57.000,603836521,53311487,86352,42558,20,3,0,20,28635920,138,985.80,18.89,0.033,
2023/10/11,19:31:27.000,603836403,53311668,89411,45617,18,3,0,12,28635920,120,985.80,18.90,0.033,
2023/10/11,19:31:57.000,603836569,53311842,87521,43727,19,3,0,7,28635920,134,985.73,18.90,0.033,
2023/10/11,19:32:27.000,603836542,53312622,85550,41756,18,3,0,2,28635920,122,985.78,18.88,0.033,
2023/10/11,19:32:57.000,603836546,53313155,84321,40528,17,3,0,20,28635920,136,985.69,18.88,0.033,
2023/10/11,19:33:27.000,603836351,53313310,84351,40557,18,3,0,25,28635920,118,985.74,18.89,0.033,
2023/10/11,19:33:57.000,603836152,53313660,79777,35983,17,3,0,59,28635920,131,985.82,18.88,0.033,
2023/10/11,19:34:27.000,603836052,53314196,75146,31353,18,3,0,68,28635920,143,985.85,18.88,0.033,
2023/10/11,19:34:57.000,603836095,53314312,75088,31294,17,3,0,20,28635920,123,985.75,18.89,0.033,
2023/10/11,19:35:27.000,603836174,53314614,75306,31513,14,3,0,44,28635920,142,985.78,18.89,0.033,
2023/10/11,19:35:57.000,603836147,53314245,74365,30571,16,3,0,21,28635920,130,985.74,18.88,0.033,
2023/10/11,19:36:27.000,603836114,53314129,73839,30045,16,3,0,8,28635920,125,985.89,18.89,0.033,
2023/10/11,19:36:57.000,603835897,53315108,72052,28258,14,3,0,28,28635920,161,985.88,18.88,0.033,
2023/10/11,19:37:27.000,603835816,53315287,74390,30596,16,3,0,12,28635920,134,985.94,18.88,0.033,
2023/10/11,19:37:57.000,603835903,53314937,78052,34258,19,3,0,20,28635920,122,985.93,18.88,0.033,
2023/10/11,19:38:27.000,603836081,53314555,78063,34270,16,3,0,32,28635920,128,985.89,18.88,0.033,
2023/10/11,19:38:57.000,603836303,53313919,80859,37065,17,3,0,2,28635920,124,985.87,18.88,0.033,
2023/10/11,19:39:27.000,603836338,53313944,79747,35953,18,3,0,10,28635920,149,985.90,18.86,0.033,
2023/10/11,19:39:57.000,603836213,53313983,74257,30463,19,3,0,58,28635920,121,985.92,18.86,0.033,
2023/10/11,19:40:27.000,603836094,53314161,71318,27524,17,3,0,35,28635920,143,985.86,18.86,0.033,
2023/10/11,19:40:57.000,603836167,53313968,73141,29347,19,3,0,67,28635920,143,985.85,18.86,0.033,
2023/10/11,19:41:27.000,603836221,53313610,76439,32645,17,3,0,25,28635920,128,985.95,18.88,0.033,
2023/10/11,19:41:57.000,603836217,53313287,75760,31967,18,3,0,63,28635920,143,985.88,18.89,0.033,
2023/10/11,19:42:27.000,603836037,53313712,73358,29564,18,3,0,137,28635920,136,986.02,18.88,0.033,
2023/10/11,19:42:57.000,603835792,53314478,68206,24412,16,3,0,56,28635920,133,986.05,18.87,0.033,
2023/10/11,19:43:27.000,603835629,53314713,65847,22054,17,3,0,22,28635920,140,986.13,18.86,0.033,
2023/10/11,19:43:57.000,603835957,53313669,70247,26454,19,3,0,76,28635920,124,986.16,18.88,0.033,
2023/10/11,19:44:27.000,603836066,53313370,71905,28111,17,3,0,37,28635920,121,986.13,18.87,0.033,
2023/10/11,19:44:57.000,603836050,53312681,74489,30696,19,3,0,40,28635920,111,986.30,18.87,0.033,
2023/10/11,19:45:27.000,603836206,53311999,77491,33697,20,3,0,47,28635920,113,986.30,18.85,0.033,
2023/10/11,19:45:57.000,603836490,53311815,80127,36333,19,3,0,27,28635920,123,986.39,18.85,0.033,
2023/10/11,19:46:27.000,603836486,53311702,80538,36744,20,3,0,14,28635920,133,986.28,18.84,0.033,
2023/10/11,19:46:57.000,603836524,53311776,80381,36587,20,3,0,17,28635920,130,986.20,18.85,0.033,
2023/10/11,19:47:27.000,603836486,53311824,80305,36511,21,3,0,52,28635920,108,986.19,18.86,0.033,
2023/10/11,19:47:57.000,603836558,53311718,76660,32866,20,3,0,17,28635920,138,986.22,18.87,0.033,
2023/10/11,19:48:27.000,603836585,53311747,80034,36240,18,3,0,21,28635920,124,986.19,18.87,0.033,
2023/10/11,19:48:57.000,603836696,53311645,82687,38893,20,3,0,43,28635920,136,986.35,18.86,0.033,
2023/10/11,19:49:27.000,603836757,53311816,81650,37857,20,3,0,54,28635920,166,986.22,18.87,0.033,
2023/10/11,19:49:57.000,603836626,53312288,80217,36423,19,3,0,10,28635920,127,986.28,18.86,0.033,
2023/10/11,19:50:27.000,603836548,53312640,79111,35317,19,3,0,29,28635920,123,986.24,18.85,0.033,
2023/10/11,19:50:57.000,603836394,53313135,74637,30843,20,3,0,77,28635920,115,986.33,18.85,0.033,
2023/10/11,19:51:27.000,603836388,53313265,72367,28573,19,3,0,90,28635920,125,986.39,18.83,0.033,
2023/10/11,19:51:57.000,603836479,53313294,74253,30459,19,3,0,32,28635920,117,986.51,18.84,0.033,
