gps_Date,gps_Time,gps_Lat,gps_Long,gps_Alt,gps_AltMSL,gps_SIV,gps_FixType,gps_CarrierSolution,gps_GroundSpeed,gps_Heading,gps_pDOP,pressure_hPa,pressure_degC,output_Hz,
2023/10/13,10:10:57.000,603836583,53312797,94895,51101,19,3,0,61,14571744,123,986.16,20.25,0.033,
2023/10/13,10:11:27.000,603836546,53312668,90957,47163,20,3,0,45,14571744,139,986.30,20.28,0.033,
2023/10/13,10:11:57.000,603836551,53311997,85625,41831,20,3,0,16,14571744,127,986.22,20.30,0.033,
2023/10/13,10:12:27.000,603836667,53312001,89649,45856,19,3,0,34,14571744,145,986.27,20.26,0.033,
2023/10/13,10:12:57.000,603836623,53311949,89068,45274,21,3,0,85,14571744,144,986.11,20.21,0.033,
2023/10/13,10:13:27.000,603836490,53311846,87268,43474,23,3,0,50,14571744,150,986.19,20.17,0.033,
2023/10/13,10:13:57.000,603836319,53311990,84584,40790,22,3,0,21,14571744,105,986.05,20.16,0.033,
2023/10/13,10:14:27.000,603836379,53311999,83838,40044,23,3,0,19,14571744,119,985.95,20.16,0.033,
2023/10/13,10:14:57.000,603836499,53312239,83030,39236,21,3,0,95,14571744,119,985.72,20.16,0.033,
2023/10/13,10:15:27.000,603836659,53311919,84580,40786,20,3,0,0,14571744,101,985.78,20.15,0.033,
2023/10/13,10:15:57.000,603836838,53311760,87594,43800,25,3,0,44,14571744,110,986.11,20.16,0.033,
2023/10/13,10:16:27.000,603836610,53311694,82778,38985,25,3,0,42,14571744,122,986.22,20.18,0.033,
2023/10/13,10:16:57.000,603836726,53311556,85800,42007,25,3,0,35,14571744,106,986.20,20.21,0.033,
2023/10/13,10:17:27.000,603836990,53311395,89953,46159,26,3,0,24,14571744,117,986.05,20.18,0.033,
2023/10/13,10:17:57.000,603836753,53311663,85434,41640,24,3,0,24,14571744,142,986.09,20.16,0.033,
2023/10/13,10:18:27.000,603836662,53312001,85118,41324,24,3,0,83,14571744,117,986.13,20.16,0.033,
2023/10/13,10:18:57.000,603836639,53312282,84062,40268,24,3,0,41,14571744,136,986.14,20.15,0.033,
2023/10/13,10:19:27.000,603836383,53312537,79508,35714,24,3,0,69,14571744,144,986.15,20.13,0.033,
2023/10/13,10:19:57.000,603836328,53312785,81054,37260,23,3,0,9,14571744,151,986.11,20.12,0.033,
2023/10/13,10:20:27.000,603836564,53312965,86909,43116,22,3,0,26,14571744,105,986.20,20.11,0.033,
2023/10/13,10:20:57.000,603836736,53312817,91123,47330,25,3,0,15,14571744,108,986.12,20.09,0.033,
2023/10/13,10:21:27.000,603836702,53312769,90225,46431,25,3,0,22,14571744,111,986.15,20.07,0.033,
2023/10/13,10:21:57.000,603836378,53312623,85100,41306,25,3,0,36,14571744,116,986.13,20.12,0.033,
2023/10/13,10:22:27.000,603836410,53312531,87530,43737,24,3,0,45,14571744,103,986.00,20.10,0.033,
2023/10/13,10:22:57.000,603836336,53312647,85688,41895,25,3,0,33,14571744,137,985.97,20.08,0.033,
2023/10/13,10:23:27.000,603836425,53312733,87847,44053,24,3,0,30,14571744,135,986.03,20.05,0.033,
2023/10/13,10:23:57.000,603836649,53312737,92887,49093,24,3,0,32,14571744,126,986.00,20.04,0.033,
2023/10/13,10:24:27.000,603836710,53312682,93987,50194,23,3,0,2,14571744,208,986.02,20.06,0.033,
2023/10/13,10:24:57.000,603836522,53312699,91032,47238,23,3,0,14,14571744,145,985.94,20.09,0.033,
2023/10/13,10:25:27.000,603836444,53312464,88126,44332,24,3,0,43,14571744,144,985.97,20.10,0.033,
2023/10/13,10:25:57.000,603836378,53312374,88245,44451,22,3,0,14,14571744,123,986.03,20.13,0.033,
2023/10/13,10:26:27.000,603836405,53312379,91006,47213,23,3,0,29,14571744,176,986.09,20.18,0.033,
2023/10/13,10:26:57.000,603836413,53312485,91519,47725,22,3,0,25,14571744,133,986.03,20.21,0.033,
2023/10/13,10:27:27.000,603836336,53312759,90006,46212,21,3,0,43,14571744,155,986.03,20.20,0.033,
2023/10/13,10:27:57.000,603836405,53312917,88392,44598,21,3,0,20,14571744,139,985.93,20.25,0.033,
2023/10/13,10:28:27.000,603836399,53313018,87515,43721,22,3,0,20,14571744,140,985.95,20.27,0.033,
2023/10/13,10:28:57.000,603836371,53312835,85860,42066,23,3,0,31,14571744,152,985.87,20.24,0.033,
2023/10/13,10:29:27.000,603836334,53312575,83868,40074,21,3,0,23,14571744,126,985.87,20.18,0.033,
2023/10/13,10:29:57.000,603836363,53312366,82654,38860,22,3,0,39,14571744,146,985.96,20.13,0.033,
2023/10/13,10:30:27.000,603836425,53312383,84393,40600,20,3,0,10,14571744,169,985.88,20.08,0.033,
2023/10/13,10:30:57.000,603836422,53312676,84474,40680,18,3,0,24,14571744,142,985.87,20.05,0.033,
2023/10/13,10:31:27.000,603836291,53312934,84827,41033,20,3,0,46,14571744,134,985.85,20.02,0.033,
2023/10/13,10:31:57.000,603836219,53312966,85071,41277,24,3,0,36,14571744,129,985.90,19.99,0.033,
2023/10/13,10:32:27.000,603836276,53313017,85472,41678,23,3,0,29,14571744,130,985.83,19.97,0.033,
2023/10/13,10:32:57.000,603836313,53312607,84856,41062,25,3,0,63,14571744,135,985.82,19.95,0.033,
2023/10/13,10:33:27.000,603836310,53312659,83545,39752,21,3,0,43,14571744,118,985.80,19.94,0.033,
2023/10/13,10:33:57.000,603836308,53312758,83263,39469,22,3,0,20,14571744,125,985.71,19.93,0.033,
2023/10/13,10:34:27.000,603836196,53312942,83206,39412,21,3,0,76,14571744,130,985.80,19.92,0.033,
2023/10/13,10:34:57.000,603836200,53313374,82127,38333,23,3,0,19,14571744,191,985.83,19.90,0.033,
2023/10/13,10:35:27.000,603836275,53313989,82329,38535,21,3,0,39,14571744,108,985.81,19.88,0.033,
2023/10/13,10:35:57.000,603836403,53313348,83643,39850,25,3,0,10,14571744,99,985.80,19.87,0.033,
2023/10/13,10:36:27.000,603836539,53312916,84982,41188,26,3,0,16,14571744,102,985.66,19.87,0.033,
2023/10/13,10:36:57.000,603836610,53312910,85041,41247,25,3,0,25,14571744,108,985.77,19.84,0.033,
2023/10/13,10:37:27.000,603836581,53312816,83937,40143,24,3,0,10,14571744,97,985.76,19.83,0.033,
2023/10/13,10:37:57.000,603836647,53312929,88114,44320,26,3,0,21,14571744,124,985.80,19.83,0.033,
2023/10/13,10:38:27.000,603836550,53312513,92256,48462,26,3,0,123,14571744,121,985.79,19.81,0.033,
2023/10/13,10:38:57.000,603836435,53312354,92352,48558,26,3,0,60,14571744,136,985.77,19.80,0.033,
2023/10/13,10:39:27.000,603836391,53312338,92803,49009,21,3,0,38,14571744,110,985.69,19.80,0.033,
2023/10/13,10:39:57.000,603836497,53312294,94281,50487,25,3,0,61,14571744,121,985.63,19.80,0.033,
2023/10/13,10:40:27.000,603836758,53312511,93520,49726,24,3,0,37,14571744,113,985.77,19.80,0.033,
2023/10/13,10:40:57.000,603836875,53312477,92206,48412,23,3,0,38,14571744,102,985.73,19.80,0.033,
2023/10/13,10:41:27.000,603836881,53312528,92336,48542,23,3,0,29,14571744,118,985.78,19.79,0.033,
2023/10/13,10:41:57.000,603837168,53312533,95802,52008,23,3,0,43,14571744,129,985.71,19.79,0.033,
2023/10/13,10:42:27.000,603836981,53312767,94338,50544,22,3,0,45,14571744,132,985.73,19.79,0.033,
2023/10/13,10:42:57.000,603836743,53313171,91500,47706,23,3,0,14,14571744,116,985.69,19.79,0.033,
2023/10/13,10:43:27.000,603836778,53313007,91426,47632,21,3,0,15,14571744,112,985.60,19.79,0.033,
2023/10/13,10:43:57.000,603836942,53312541,91570,47776,22,3,0,23,14571744,124,985.68,19.77,0.033,
2023/10/13,10:44:27.000,603836999,53312265,90484,46690,22,3,0,37,14571744,114,985.76,19.77,0.033,
2023/10/13,10:44:57.000,603836887,53312486,88103,44309,24,3,0,60,14571744,110,985.72,19.78,0.033,
2023/10/13,10:45:27.000,603836727,53312712,88899,45106,24,3,0,40,14571744,115,985.72,19.77,0.033,
2023/10/13,10:45:57.000,603836757,53312790,91977,48183,22,3,0,40,14571744,122,985.76,19.77,0.033,
2023/10/13,10:46:27.000,603836700,53312531,94193,50400,22,3,0,127,14571744,125,985.63,19.77,0.033,
2023/10/13,10:46:57.000,603836623,53312531,95383,51589,23,3,0,67,14571744,124,985.66,19.77,0.033,
2023/10/13,10:47:27.000,603836738,53312382,96218,52424,23,3,0,23,14571744,153,985.60,19.75,0.033,
2023/10/13,10:47:57.000,603836757,53312110,93189,49395,21,3,0,33,14571744,118,985.60,19.75,0.033,
2023/10/13,10:48:27.000,603836766,53312113,92583,48789,23,3,0,59,14571744,105,985.53,19.75,0.033,
2023/10/13,10:48:57.000,603836878,53312393,91857,48063,22,3,0,47,14571744,133,985.66,19.75,0.033,
2023/10/13,10:49:27.000,603836832,53312363,89277,45483,23,3,0,65,14571744,127,985.51,19.76,0.033,
2023/10/13,10:49:57.000,603836706,53312000,89576,45783,22,3,0,67,14571744,117,985.55,19.76,0.033,
2023/10/13,10:50:27.000,603836743,53311903,92620,48827,22,3,0,46,14571744,113,985.57,19.76,0.033,
2023/10/13,10:50:57.000,603836652,53312398,93111,49317,22,3,0,21,14571744,118,985.51,19.77,0.033,
2023/10/13,10:51:27.000,603836722,53312814,92502,48709,23,3,0,25,14571744,121,985.50,19.79,0.033,
2023/10/13,10:51:57.000,603836679,53312887,88976,45182,21,3,0,42,14571744,115,985.28,19.80,0.033,
2023/10/13,10:52:27.000,603836685,53313023,86353,42559,23,3,0,61,14571744,133,985.33,19.80,0.033,
2023/10/13,10:52:57.000,603836661,53313253,84148,40354,24,3,0,25,14571744,112,985.36,19.80,0.033,
2023/10/13,10:53:27.000,603836667,53312781,86319,42525,24,3,0,46,14571744,151,985.40,19.80,0.033,
2023/10/13,10:53:57.000,603836680,53312558,88552,44758,21,3,0,52,14571744,116,985.29,19.80,0.033,
2023/10/13,10:54:27.000,603836535,53312513,89585,45791,22,3,0,16,14571744,129,985.17,19.79,0.033,
2023/10/13,10:54:57.000,603836460,53312334,91182,47389,23,3,0,95,14571744,163,985.11,19.81,0.033,
2023/10/13,10:55:27.000,603836506,53312343,88637,44843,22,3,0,50,14571744,130,985.16,19.82,0.033,
2023/10/13,10:55:57.000,603836442,53312440,88110,44317,20,3,0,38,14571744,121,985.12,19.82,0.033,
2023/10/13,10:56:27.000,603836503,53312447,89768,45974,21,3,0,45,14571744,116,985.05,19.83,0.033,
2023/10/13,10:56:57.000,603836581,53312732,89372,45579,20,3,0,155,14571744,129,985.16,19.83,0.033,
2023/10/13,10:57:27.000,603836646,53313043,85834,42041,22,3,0,27,14571744,157,985.17,19.83,0.033,
2023/10/13,10:57:57.000,603836789,53312802,86276,42483,22,3,0,74,14571744,150,985.17,19.83,0.033,
2023/10/13,10:58:27.000,603836672,53312981,85728,41934,21,3,0,23,14571744,117,985.21,19.83,0.033,
2023/10/13,10:58:57.000,603836577,53313002,84982,41188,22,3,0,39,14571744,143,985.07,19.83,0.033,
2023/10/13,10:59:27.000,603836696,53312380,86856,43063,22,3,0,18,14571744,113,985.00,19.84,0.033,
2023/10/13,10:59:57.000,603836626,53312173,87764,43970,25,3,0,12,14571744,116,984.93,19.85,0.033,
2023/10/13,11:00:27.000,603836464,53312464,84710,40916,21,3,0,6,14571744,118,984.90,19.89,0.033,
2023/10/13,11:00:57.000,603836323,53312628,81870,38076,24,3,0,17,14571744,131,984.91,19.93,0.033,
2023/10/13,11:01:27.000,603836366,53312572,81878,38084,23,3,0,60,14571744,141,984.93,19.95,0.033,
2023/10/13,11:01:57.000,603836372,53312569,81603,37809,22,3,0,40,14571744,151,985.02,19.95,0.033,
2023/10/13,11:02:27.000,603836321,53312550,83906,40112,19,3,0,13,14571744,136,984.90,19.95,0.033,
2023/10/13,11:02:57.000,603836307,53312776,87523,43730,20,3,0,36,14571744,115,984.84,19.95,0.033,
2023/10/13,11:03:27.000,603836247,53312988,88828,45035,21,3,0,46,14571744,134,984.89,19.95,0.033,
2023/10/13,11:03:57.000,603836402,53312131,90285,46491,22,3,0,8,14571744,122,984.88,19.94,0.033,
2023/10/13,11:04:27.000,603836391,53312006,92599,48805,22,3,0,29,14571744,161,984.76,19.93,0.033,
2023/10/13,11:04:57.000,603836418,53311659,94663,50869,20,3,0,88,14571744,156,984.69,19.94,0.033,
2023/10/13,11:05:27.000,603836426,53311353,97333,53539,22,3,0,4,14571744,117,984.78,19.93,0.033,
2023/10/13,11:05:57.000,603836311,53311856,95919,52125,22,3,0,13,14571744,115,984.87,19.92,0.033,
2023/10/13,11:06:27.000,603836218,53312402,94248,50454,24,3,0,36,14571744,115,984.92,19.92,0.033,
2023/10/13,11:06:57.000,603836183,53312326,93764,49970,22,3,0,23,14571744,135,984.83,19.92,0.033,
2023/10/13,11:07:27.000,603836045,53312108,91359,47565,19,3,0,8,14571744,119,984.73,19.91,0.033,
2023/10/13,11:07:57.000,603836039,53312023,93055,49261,21,3,0,43,14571744,118,984.73,19.91,0.033,
2023/10/13,11:08:27.000,603836030,53312087,92995,49201,24,3,0,19,14571744,161,984.82,19.91,0.033,
2023/10/13,11:08:57.000,603836079,53312119,93362,49569,20,3,0,11,14571744,122,984.91,19.90,0.033,
2023/10/13,11:09:27.000,603836226,53312122,93787,49994,23,3,0,10,14571744,115,984.96,19.87,0.033,
2023/10/13,11:09:57.000,603836355,53312030,94938,51144,22,3,0,66,14571744,118,985.04,19.85,0.033,
2023/10/13,11:10:27.000,603836487,53312064,95059,51266,21,3,0,37,10268626,171,984.96,19.84,0.033,
2023/10/13,11:10:57.000,603836540,53311883,95895,52101,23,3,0,22,10268626,150,984.93,19.83,0.033,
