gps_Date,gps_Time,gps_Lat,gps_Long,gps_Alt,gps_AltMSL,gps_SIV,gps_FixType,gps_CarrierSolution,gps_GroundSpeed,gps_Heading,gps_pDOP,pressure_hPa,pressure_degC,output_Hz,
2023/10/10,11:35:27.000,603836015,53315543,81722,37928,15,3,0,102,18793846,193,997.43,18.84,0.033,
2023/10/10,11:36:57.000,603835927,53315047,78875,35082,16,3,0,54,18793846,177,997.18,18.85,0.033,
2023/10/10,11:36:27.000,603835918,53314551,78423,34630,17,3,0,105,18793846,153,997.04,18.86,0.033,
2023/10/10,11:37:57.000,603835910,53314392,77148,33354,17,3,0,74,18793846,157,997.01,18.87,0.033,
2023/10/10,11:37:27.000,603835992,53314137,76733,32939,15,3,0,28,18793846,189,997.03,18.88,0.033,
2023/10/10,11:38:57.000,603836163,53313398,77020,33226,17,3,0,25,18793846,179,996.88,18.89,0.033,
2023/10/10,11:38:27.000,603836058,53313719,76547,32754,16,3,0,29,18793846,167,996.98,18.90,0.033,
2023/10/10,11:39:57.000,603835809,53314511,75375,31581,15,3,0,9,18793846,232,996.94,18.90,0.033,
2023/10/10,11:39:27.000,603835705,53314471,75089,31295,16,3,0,15,18793846,231,996.99,18.90,0.033,
2023/10/10,11:40:57.000,603835626,53314614,74139,30345,17,3,0,10,18793846,168,997.12,18.89,0.033,
2023/10/10,11:40:27.000,603835734,53314379,73563,29769,15,3,0,25,18793846,173,997.08,18.89,0.033,
2023/10/10,11:41:57.000,603835818,53314347,71785,27991,14,3,0,26,18793846,259,997.01,18.88,0.033,
2023/10/10,11:41:27.000,603835709,53314517,68832,25039,17,3,0,42,18793846,154,997.04,18.89,0.033,
2023/10/10,11:42:57.000,603835728,53313942,68118,24325,15,3,0,57,18793846,162,997.04,18.90,0.033,
2023/10/10,11:42:27.000,603835834,53313421,72149,28356,18,3,0,29,18793846,176,996.93,18.90,0.033,
2023/10/10,11:43:57.000,603836031,53312161,74329,30535,19,3,0,5,18793846,136,996.90,18.91,0.033,
2023/10/10,11:43:27.000,603836184,53312355,77845,34051,18,3,0,33,18793846,166,996.95,18.92,0.033,
2023/10/10,11:44:57.000,603836049,53313448,76874,33080,17,3,0,9,18793846,174,996.92,18.93,0.033,
2023/10/10,11:44:27.000,603835833,53313823,75927,32133,18,3,0,58,18793846,161,997.02,18.94,0.033,
2023/10/10,11:45:57.000,603835903,53313115,76739,32945,20,3,0,71,18793846,151,996.89,18.94,0.033,
2023/10/10,11:45:27.000,603835953,53313024,75486,31693,20,3,0,5,18793846,136,996.99,18.93,0.033,
2023/10/10,11:46:57.000,603835940,53313229,73514,29720,18,3,0,64,18793846,185,997.03,18.92,0.033,
2023/10/10,11:46:27.000,603835934,53312993,72659,28865,19,3,0,25,18793846,144,997.06,18.92,0.033,
2023/10/10,11:47:57.000,603836002,53312977,71816,28023,17,3,0,57,18793846,235,997.01,18.92,0.033,
2023/10/10,11:47:27.000,603835980,53312938,72255,28461,17,3,0,158,18793846,201,996.90,18.92,0.033,
2023/10/10,11:48:57.000,603835950,53313729,68978,25184,18,3,0,75,18793846,156,996.93,18.92,0.033,
2023/10/10,11:48:27.000,603835686,53314422,69366,25573,18,3,0,69,18793846,150,997.07,18.92,0.033,
2023/10/10,11:49:57.000,603835568,53315054,71035,27241,18,3,0,24,18793846,161,996.95,18.92,0.033,
2023/10/10,11:49:27.000,603835501,53315103,73013,29219,18,3,0,18,18793846,152,997.00,18.91,0.033,
2023/10/10,11:50:57.000,603835720,53314180,77900,34106,17,3,0,19,18793846,167,997.16,18.90,0.033,
2023/10/10,11:50:27.000,603835687,53313888,75961,32168,17,3,0,77,18793846,175,997.12,18.90,0.033,
2023/10/10,11:51:57.000,603835767,53312982,77891,34098,18,3,0,27,18793846,170,996.96,18.90,0.033,
2023/10/10,11:51:27.000,603835877,53312425,78820,35026,19,3,0,60,18793846,147,996.91,18.91,0.033,
2023/10/10,11:52:57.000,603836062,53312200,79305,35511,16,3,0,46,18793846,176,997.00,18.91,0.033,
2023/10/10,11:52:27.000,603836282,53312058,81788,37994,16,3,0,25,18793846,206,996.93,18.89,0.033,
2023/10/10,11:53:57.000,603836506,53311936,84802,41008,18,3,0,72,18793846,238,996.96,18.90,0.033,
2023/10/10,11:53:27.000,603836521,53312019,85141,41347,18,3,0,55,18793846,201,997.03,18.89,0.033,
2023/10/10,11:54:57.000,603836441,53312218,86021,42227,18,3,0,64,18793846,144,996.95,18.89,0.033,
2023/10/10,11:54:27.000,603836910,53311648,100022,56228,17,3,0,34,18793846,151,997.04,18.88,0.033,
2023/10/10,11:55:57.000,603837088,53311712,105785,61991,18,3,0,77,18793846,177,997.18,18.88,0.033,
2023/10/10,11:55:27.000,603836515,53312755,91178,47385,14,3,0,69,18793846,163,997.02,18.87,0.033,
2023/10/10,11:56:57.000,603836339,53312497,86111,42317,16,3,0,36,18793846,162,996.96,18.87,0.033,
2023/10/10,11:56:27.000,603836326,53312027,84333,40540,17,3,0,78,18793846,147,996.99,18.87,0.033,
2023/10/10,11:57:57.000,603836412,53312174,83495,39701,17,3,0,66,18793846,232,996.97,18.87,0.033,
2023/10/10,11:57:27.000,603836412,53311905,84010,40216,16,3,0,49,18793846,231,996.98,18.86,0.033,
2023/10/10,11:58:57.000,603836514,53311670,86360,42566,16,3,0,16,18793846,148,997.17,18.85,0.033,
2023/10/10,11:58:27.000,603836710,53311648,89450,45656,14,3,0,56,18793846,250,996.99,18.85,0.033,
2023/10/10,11:59:57.000,603836878,53311359,94403,50609,14,3,0,54,18793846,249,996.98,18.85,0.033,
2023/10/10,11:59:27.000,603837030,53311328,99643,55849,14,3,0,19,18793846,249,997.01,18.84,0.033,
2023/10/10,12:00:57.000,603837037,53311272,102584,58790,17,3,0,37,18793846,157,996.90,18.83,0.033,
2023/10/10,12:00:27.000,603836928,53311261,100516,56722,16,3,0,36,18793846,190,996.98,18.82,0.033,
2023/10/10,12:01:57.000,603836857,53310937,99832,56038,18,3,0,50,18793846,144,997.05,18.82,0.033,
2023/10/10,12:01:27.000,603836917,53310695,99924,56130,18,3,0,46,18793846,132,996.95,18.81,0.033,
2023/10/10,12:02:57.000,603836823,53310983,97071,53277,18,3,0,36,18793846,143,997.00,18.81,0.033,
2023/10/10,12:02:27.000,603836812,53310970,95072,51278,16,3,0,20,18793846,181,997.06,18.81,0.033,
2023/10/10,12:03:57.000,603836893,53310975,94492,50698,17,3,0,31,18793846,191,997.03,18.80,0.033,
2023/10/10,12:03:27.000,603836852,53311227,93913,50119,18,3,0,9,18793846,132,997.10,18.80,0.033,
2023/10/10,12:04:57.000,603836905,53310982,96180,52386,17,3,0,65,18793846,156,996.92,18.80,0.033,
2023/10/10,12:04:27.000,603836776,53310671,97048,53254,17,3,0,64,18793846,164,997.03,18.80,0.033,
2023/10/10,12:05:57.000,603836817,53310679,98985,55191,19,3,0,25,18793846,131,996.94,18.80,0.033,
2023/10/10,12:05:27.000,603836797,53310928,99643,55849,16,3,0,28,18793846,158,996.79,18.82,0.033,
2023/10/10,12:06:57.000,603836764,53311333,96918,53124,18,3,0,64,18793846,152,996.92,18.81,0.033,
2023/10/10,12:06:27.000,603836687,53311635,94338,50544,17,3,0,12,18793846,133,996.99,18.81,0.033,
2023/10/10,12:07:57.000,603836673,53311249,94509,50716,16,3,0,21,18793846,163,996.93,18.81,0.033,
2023/10/10,12:07:27.000,603836626,53311287,95046,51252,15,3,0,108,18793846,172,996.96,18.80,0.033,
2023/10/10,12:08:57.000,603836727,53310638,98639,54845,20,3,0,28,18793846,172,997.05,18.80,0.033,
2023/10/10,12:08:27.000,603836682,53310990,97508,53714,16,3,0,23,18793846,163,996.89,18.81,0.033,
2023/10/10,12:09:57.000,603836623,53310957,96498,52704,16,3,0,30,18793846,225,996.72,18.81,0.033,
2023/10/10,12:09:27.000,603836721,53310356,98023,54229,17,3,0,178,18793846,132,996.85,18.82,0.033,
2023/10/10,12:10:57.000,603836725,53310612,96819,53025,14,3,0,49,18793846,180,996.65,18.83,0.033,
2023/10/10,12:10:27.000,603836754,53310734,95934,52140,17,3,0,195,18793846,161,996.75,18.82,0.033,
2023/10/10,12:11:57.000,603836876,53310353,98348,54554,19,3,0,29,18793846,133,996.75,18.81,0.033,
2023/10/10,12:11:27.000,603836853,53310583,97122,53328,18,3,0,10,18793846,149,996.81,18.81,0.033,
2023/10/10,12:12:57.000,603836737,53310531,98666,54872,17,3,0,25,18793846,133,996.75,18.81,0.033,
2023/10/10,12:12:27.000,603836736,53310370,101266,57472,19,3,0,45,18793846,119,996.74,18.81,0.033,
2023/10/10,12:13:57.000,603836606,53311051,98506,54712,18,3,0,21,18793846,119,996.83,18.80,0.033,
2023/10/10,12:13:27.000,603836503,53310978,97635,53841,17,3,0,31,18793846,155,996.82,18.79,0.033,
2023/10/10,12:14:57.000,603836542,53310694,98348,54554,17,3,0,30,18793846,137,996.81,18.78,0.033,
2023/10/10,12:14:27.000,603836573,53310506,98847,55054,15,3,0,17,18793846,148,996.73,18.78,0.033,
2023/10/10,12:15:57.000,603836549,53310783,96801,53008,21,3,0,45,18793846,116,996.66,18.78,0.033,
2023/10/10,12:15:27.000,603836538,53311169,94856,51062,18,3,0,50,11657316,140,996.76,18.79,0.033,
2023/10/10,12:16:57.000,603836553,53311319,93379,49585,18,3,0,92,11657316,125,996.85,18.79,0.033,
2023/10/10,12:16:27.000,603836538,53311407,91894,48100,18,3,0,85,11657316,131,996.84,18.79,0.033,
2023/10/10,12:17:57.000,603836448,53311906,89177,45384,17,3,0,121,11657316,119,996.74,18.80,0.033,
2023/10/10,12:17:27.000,603836417,53311873,89384,45590,20,3,0,98,11657316,162,996.79,18.80,0.033,
2023/10/10,12:18:57.000,603836267,53312187,87650,43856,17,3,0,142,11657316,126,996.62,18.80,0.033,
2023/10/10,12:18:27.000,603836242,53311696,90248,46454,20,3,0,113,11657316,131,996.65,18.81,0.033,
2023/10/10,12:19:27.000,603836252,53310960,94359,50565,19,3,0,49,11657316,127,996.62,18.80,0.033,
2023/10/10,12:19:58.000,603836246,53310769,93695,49901,21,3,0,47,11657316,117,996.71,18.79,0.033,
2023/10/10,12:20:27.000,603836230,53310980,90116,46322,19,3,0,8,11657316,119,996.69,18.79,0.033,
2023/10/10,12:20:57.000,603836188,53311502,86939,43145,19,3,0,10,11657316,138,996.71,18.79,0.033,
2023/10/10,12:21:27.000,603836140,53311643,85346,41552,17,3,0,107,11657316,139,996.60,18.79,0.033,
2023/10/10,12:21:57.000,603836173,53311778,85385,41591,21,3,0,70,11013672,122,996.65,18.79,0.033,
2023/10/10,12:22:27.000,603836254,53311799,86179,42385,19,3,0,19,11013672,124,996.69,18.80,0.033,
2023/10/10,12:22:57.000,603836310,53311147,88733,44939,21,3,0,9,11013672,129,996.53,18.81,0.033,
2023/10/10,12:23:27.000,603836401,53311356,88945,45151,20,3,0,22,11013672,144,996.50,18.80,0.033,
2023/10/10,12:23:57.000,603836371,53311925,86046,42253,18,3,0,43,11013672,129,996.70,18.80,0.033,
2023/10/10,12:24:27.000,603836261,53311701,86567,42773,21,3,0,67,11013672,105,996.53,18.80,0.033,
2023/10/10,12:24:57.000,603836155,53311789,88366,44572,20,3,0,61,11013672,118,996.55,18.80,0.033,
2023/10/10,12:25:27.000,603836165,53311852,92042,48248,18,3,0,39,11013672,145,996.55,18.81,0.033,
2023/10/10,12:25:57.000,603836176,53311740,92124,48330,20,3,0,34,11013672,117,996.76,18.79,0.033,
2023/10/10,12:26:27.000,603836157,53311800,89626,45832,18,3,0,76,11013672,132,996.62,18.78,0.033,
2023/10/10,12:26:57.000,603836128,53311783,86768,42974,20,3,0,49,11013672,133,996.67,18.78,0.033,
2023/10/10,12:27:27.000,603836094,53311551,87226,43432,20,3,0,63,11013672,110,996.72,18.77,0.033,
2023/10/10,12:27:57.000,603836137,53311636,86667,42873,18,3,0,17,11013672,122,996.55,18.77,0.033,
2023/10/10,12:28:27.000,603836216,53311491,87269,43475,18,3,0,44,11013672,124,996.63,18.77,0.033,
2023/10/10,12:28:57.000,603836177,53311754,87323,43529,18,3,0,103,11013672,146,996.57,18.78,0.033,
2023/10/10,12:29:27.000,603836090,53311886,88298,44504,17,3,0,126,11013672,158,996.60,18.78,0.033,
2023/10/10,12:29:57.000,603836065,53312070,88190,44396,19,3,0,49,11013672,153,996.49,18.78,0.033,
2023/10/10,12:30:27.000,603836086,53311828,87814,44020,17,3,0,7,11013672,186,996.55,18.78,0.033,
2023/10/10,12:30:57.000,603836101,53311182,89205,45411,17,3,0,32,11013672,161,996.58,18.77,0.033,
2023/10/10,12:31:27.000,603836051,53311803,86174,42380,19,3,0,10,11013672,131,996.51,18.77,0.033,
2023/10/10,12:31:57.000,603836120,53312409,82964,39170,20,3,0,56,11013672,137,996.47,18.77,0.033,
2023/10/10,12:32:27.000,603836176,53313173,77625,33832,19,3,0,16,11013672,126,996.41,18.76,0.033,
2023/10/10,12:32:57.000,603836327,53313072,74950,31156,21,3,0,24,11013672,123,996.45,18.76,0.033,
2023/10/10,12:33:27.000,603836306,53313516,72324,28530,18,3,0,9,11013672,129,996.50,18.76,0.033,
2023/10/10,12:33:57.000,603836449,53313496,72631,28837,20,3,0,14,11013672,126,996.45,18.75,0.033,
2023/10/10,12:34:27.000,603836385,53313713,73263,29469,20,3,0,15,11013672,117,996.46,18.74,0.033,
2023/10/10,12:34:57.000,603836361,53313731,75072,31279,18,3,0,1,11013672,126,996.39,18.74,0.033,
2023/10/10,12:35:27.000,603836304,53314132,73466,29672,20,3,0,17,11013672,135,996.52,18.74,0.033,
2023/10/10,12:35:57.000,603836291,53313790,74965,31171,19,3,0,26,11013672,122,996.48,18.75,0.033,
