gps_Date,gps_Time,gps_Lat,gps_Long,gps_Alt,gps_AltMSL,gps_SIV,gps_FixType,gps_CarrierSolution,gps_GroundSpeed,gps_Heading,gps_pDOP,pressure_hPa,pressure_degC,output_Hz,
2023/10/07,02:56:27.000,603836642,53311727,80840,37046,21,3,0,41,10807080,107,1010.19,18.77,0.033,
2023/10/07,02:56:57.000,603836558,53311973,78402,34608,21,3,0,14,10807080,122,1010.26,18.76,0.033,
2023/10/07,02:57:27.000,603836528,53311841,79344,35550,22,3,0,50,10807080,121,1010.21,18.77,0.033,
2023/10/07,02:57:57.000,603836554,53311675,79151,35357,21,3,0,67,10807080,115,1010.20,18.77,0.033,
2023/10/07,02:58:27.000,603836581,53311707,81195,37402,22,3,0,34,10807080,113,1010.18,18.77,0.033,
2023/10/07,02:58:57.000,603836585,53311726,89596,45802,20,3,0,49,10807080,117,1010.24,18.77,0.033,
2023/10/07,02:59:27.000,603836643,53311755,90056,46262,21,3,0,43,10807080,107,1010.18,18.76,0.033,
2023/10/07,02:59:57.000,603836566,53311685,89966,46173,20,3,0,7,35246228,137,1010.19,18.76,0.033,
2023/10/07,03:00:27.000,603836526,53311601,90692,46899,21,3,0,22,35246228,129,1010.17,18.76,0.033,
2023/10/07,03:00:57.000,603836543,53311096,84431,40637,20,3,0,64,35246228,117,1010.23,18.76,0.033,
2023/10/07,03:01:27.000,603836597,53311440,87170,43376,22,3,0,64,35246228,121,1010.24,18.77,0.033,
2023/10/07,03:01:57.000,603836500,53311405,86560,42766,23,3,0,10,35246228,115,1010.28,18.77,0.033,
2023/10/07,03:02:27.000,603836266,53311451,84859,41065,22,3,0,25,35246228,121,1010.29,18.76,0.033,
2023/10/07,03:02:57.000,603836155,53311912,82431,38637,22,3,0,44,35246228,124,1010.18,18.76,0.033,
2023/10/07,03:03:27.000,603836107,53312511,80638,36844,21,3,0,53,35246228,126,1010.21,18.77,0.033,
2023/10/07,03:03:57.000,603835949,53313417,83950,40156,24,3,0,30,35246228,141,1010.24,18.76,0.033,
2023/10/07,03:04:27.000,603835849,53314124,83612,39818,19,3,0,259,35246228,137,1010.19,18.76,0.033,
2023/10/07,03:04:57.000,603836000,53313891,80406,36612,22,3,0,48,8747460,140,1010.18,18.75,0.033,
2023/10/07,03:05:27.000,603836068,53312604,81927,38134,20,3,0,45,8747460,124,1010.23,18.76,0.033,
2023/10/07,03:05:57.000,603835966,53312609,89320,45526,22,3,0,53,8747460,146,1010.23,18.77,0.033,
2023/10/07,03:06:27.000,603836027,53312633,94982,51188,22,3,0,71,8747460,139,1010.25,18.75,0.033,
2023/10/07,03:06:57.000,603836165,53312300,92653,48859,19,3,0,125,8747460,158,1010.24,18.74,0.033,
2023/10/07,03:07:27.000,603836421,53311442,91381,47587,21,3,0,47,8747460,131,1010.24,18.75,0.033,
2023/10/07,03:07:57.000,603836632,53310472,92163,48369,19,3,0,13,8747460,135,1010.33,18.76,0.033,
2023/10/07,03:08:27.000,603836793,53310093,90040,46246,21,3,0,186,8747460,124,1010.22,18.74,0.033,
2023/10/07,03:08:57.000,603836937,53310366,91950,48156,21,3,0,47,8747460,142,1010.25,18.74,0.033,
2023/10/07,03:09:27.000,603836983,53309898,92025,48231,21,3,0,29,8747460,141,1010.23,18.74,0.033,
2023/10/07,03:09:57.000,603837098,53309620,89417,45623,20,3,0,14,8747460,130,1010.26,18.73,0.033,
2023/10/07,03:10:27.000,603836888,53310701,84878,41084,19,3,0,15,8747460,139,1010.26,18.73,0.033,
2023/10/07,03:10:57.000,603837001,53310989,83381,39587,20,3,0,6,8747460,130,1010.30,18.73,0.033,
2023/10/07,03:11:27.000,603837094,53311480,81144,37350,24,3,0,15,8747460,121,1010.20,18.73,0.033,
2023/10/07,03:11:57.000,603836896,53311344,77879,34085,23,3,0,35,8747460,115,1010.27,18.72,0.033,
2023/10/07,03:12:27.000,603836843,53311337,79551,35757,22,3,0,10,8747460,112,1010.22,18.72,0.033,
2023/10/07,03:12:57.000,603836651,53311630,79816,36022,23,3,0,17,8747460,115,1010.19,18.71,0.033,
2023/10/07,03:13:27.000,603836590,53311910,78579,34785,24,3,0,65,8747460,123,1010.17,18.70,0.033,
2023/10/07,03:13:57.000,603836706,53312226,83549,39756,22,3,0,13,8747460,117,1010.15,18.70,0.033,
2023/10/07,03:14:27.000,603836654,53312928,86290,42496,21,3,0,32,8747460,140,1010.21,18.71,0.033,
2023/10/07,03:14:57.000,603836782,53312606,83567,39774,19,3,0,38,8747460,150,1010.26,18.73,0.033,
2023/10/07,03:15:27.000,603836449,53313761,88645,44852,23,3,0,13,8747460,127,1010.29,18.73,0.033,
2023/10/07,03:15:57.000,603836301,53313899,89045,45252,19,3,0,84,8747460,145,1010.20,18.73,0.033,
2023/10/07,03:16:27.000,603836122,53314505,86503,42710,19,3,0,56,8747460,194,1010.26,18.74,0.033,
2023/10/07,03:16:57.000,603835932,53314874,80598,36805,20,3,0,50,8747460,170,1010.18,18.74,0.033,
2023/10/07,03:17:27.000,603835814,53315285,78105,34311,19,3,0,42,8747460,165,1010.18,18.75,0.033,
2023/10/07,03:17:57.000,603835894,53315067,80219,36425,19,3,0,13,8747460,205,1010.27,18.75,0.033,
2023/10/07,03:18:27.000,603836065,53314957,82208,38415,18,3,0,18,8747460,187,1010.19,18.75,0.033,
2023/10/07,03:18:57.000,603835904,53315395,80986,37192,21,3,0,24,8747460,169,1010.21,18.75,0.033,
2023/10/07,03:19:27.000,603836086,53315214,84331,40538,20,3,0,14,8747460,151,1010.24,18.74,0.033,
2023/10/07,03:19:57.000,603836118,53314922,86898,43104,19,3,0,4,8747460,179,1010.25,18.74,0.033,
2023/10/07,03:20:27.000,603835851,53315207,82226,38433,22,3,0,88,8747460,151,1010.20,18.73,0.033,
2023/10/07,03:20:57.000,603835566,53315969,78331,34537,21,3,0,111,11368956,200,1010.20,18.74,0.033,
2023/10/07,03:21:27.000,603835567,53316362,77224,33430,22,3,0,11,11368956,172,1010.25,18.73,0.033,
2023/10/07,03:21:57.000,603835598,53315988,75995,32202,20,3,0,18,11368956,177,1010.27,18.72,0.033,
2023/10/07,03:22:27.000,603835766,53315279,78592,34798,20,3,0,84,1781030,157,1010.22,18.73,0.033,
2023/10/07,03:22:57.000,603836015,53314828,81721,37927,22,3,0,58,1781030,170,1010.26,18.74,0.033,
2023/10/07,03:23:27.000,603836226,53314328,84064,40270,22,3,0,14,1781030,131,1010.19,18.73,0.033,
2023/10/07,03:23:57.000,603836412,53314154,86248,42454,23,3,0,42,1781030,151,1010.17,18.72,0.033,
2023/10/07,03:24:27.000,603836407,53314280,87637,43843,21,3,0,23,1781030,173,1010.22,18.73,0.033,
2023/10/07,03:24:57.000,603836308,53314000,83609,39815,22,3,0,68,1781030,142,1010.16,18.72,0.033,
2023/10/07,03:25:27.000,603836275,53313876,80641,36847,22,3,0,27,1781030,138,1010.27,18.72,0.033,
2023/10/07,03:25:57.000,603836515,53313331,80506,36712,20,3,0,4,1781030,151,1010.16,18.72,0.033,
2023/10/07,03:26:27.000,603836497,53313758,81668,37874,17,3,0,9,1781030,171,1010.20,18.72,0.033,
2023/10/07,03:26:57.000,603836643,53314043,83339,39545,20,3,0,10,1781030,169,1010.12,18.72,0.033,
2023/10/07,03:27:27.000,603836530,53314378,84433,40639,22,3,0,37,1781030,139,1010.18,18.72,0.033,
2023/10/07,03:27:57.000,603836215,53314683,82451,38657,21,3,0,27,1781030,141,1010.21,18.73,0.033,
2023/10/07,03:28:27.000,603836224,53314710,81110,37316,20,3,0,15,1781030,130,1010.21,18.74,0.033,
2023/10/07,03:28:57.000,603836326,53314297,83099,39305,24,3,0,31,1781030,129,1010.17,18.74,0.033,
2023/10/07,03:29:27.000,603836355,53314121,82313,38520,24,3,0,28,1781030,123,1010.30,18.74,0.033,
2023/10/07,03:29:57.000,603836456,53314123,81223,37429,22,3,0,19,1781030,181,1010.24,18.73,0.033,
2023/10/07,03:30:27.000,603836376,53314261,80311,36518,23,3,0,11,1781030,148,1010.30,18.73,0.033,
2023/10/07,03:30:57.000,603836295,53314338,79319,35526,23,3,0,16,1781030,157,1010.27,18.73,0.033,
2023/10/07,03:31:27.000,603836096,53314502,79531,35737,23,3,0,26,1781030,126,1010.29,18.72,0.033,
2023/10/07,03:31:57.000,603836248,53314273,80724,36931,23,3,0,5,1781030,133,1010.23,18.72,0.033,
2023/10/07,03:32:27.000,603836321,53314105,79304,35511,23,3,0,67,1781030,141,1010.26,18.71,0.033,
2023/10/07,03:32:57.000,603836381,53313812,79011,35217,23,3,0,21,1781030,137,1010.25,18.70,0.033,
2023/10/07,03:33:27.000,603836387,53313574,79974,36180,23,3,0,19,1781030,129,1010.33,18.71,0.033,
2023/10/07,03:33:57.000,603836303,53313287,78772,34979,22,3,0,16,1781030,120,1010.27,18.71,0.033,
2023/10/07,03:34:27.000,603836204,53313856,79520,35726,21,3,0,74,1781030,142,1010.36,18.71,0.033,
2023/10/07,03:34:57.000,603836314,53313943,81420,37626,21,3,0,21,1781030,153,1010.27,18.72,0.033,
2023/10/07,03:35:27.000,603836115,53315088,78251,34457,21,3,0,59,1781030,161,1010.22,18.74,0.033,
2023/10/07,03:35:57.000,603836112,53314827,79340,35547,22,3,0,20,1781030,124,1010.33,18.73,0.033,
2023/10/07,03:36:27.000,603835823,53315174,78256,34462,21,3,0,9,1781030,135,1010.22,18.74,0.033,
2023/10/07,03:36:57.000,603835752,53315492,76320,32527,23,3,0,14,1781030,144,1010.28,18.72,0.033,
2023/10/07,03:37:27.000,603836019,53314673,76781,32988,23,3,0,13,1781030,184,1010.24,18.73,0.033,
2023/10/07,03:37:57.000,603836061,53314358,74659,30865,20,3,0,27,1781030,155,1010.19,18.72,0.033,
2023/10/07,03:38:27.000,603836217,53314239,74609,30816,23,3,0,21,1781030,125,1010.33,18.73,0.033,
2023/10/07,03:38:57.000,603836295,53314043,76752,32959,25,3,0,35,1781030,125,1010.25,18.72,0.033,
2023/10/07,03:39:27.000,603836427,53313698,80710,36917,23,3,0,4,1781030,135,1010.25,18.71,0.033,
2023/10/07,03:39:57.000,603836311,53314543,84539,40746,23,3,0,4,1781030,151,1010.23,18.71,0.033,
2023/10/07,03:40:27.000,603836233,53314839,81971,38177,24,3,0,24,1781030,151,1010.28,18.70,0.033,
2023/10/07,03:40:57.000,603836187,53315342,82580,38786,24,3,0,10,1781030,123,1010.24,18.70,0.033,
2023/10/07,03:41:27.000,603836153,53315088,83836,40042,22,3,0,10,1781030,156,1010.28,18.72,0.033,
2023/10/07,03:41:57.000,603836195,53314976,86146,42352,24,3,0,42,1781030,185,1010.27,18.71,0.033,
2023/10/07,03:42:27.000,603836155,53314484,82887,39093,25,3,0,19,1781030,132,1010.30,18.72,0.033,
2023/10/07,03:42:57.000,603836000,53314619,79550,35757,21,3,0,53,1781030,164,1010.33,18.73,0.033,
2023/10/07,03:43:27.000,603835890,53314325,76243,32449,22,3,0,18,1781030,185,1010.33,18.73,0.033,
2023/10/07,03:43:57.000,603836063,53313663,77986,34192,23,3,0,10,1781030,196,1010.31,18.72,0.033,
2023/10/07,03:44:27.000,603836244,53313126,80851,37057,24,3,0,32,1781030,192,1010.29,18.72,0.033,
2023/10/07,03:44:57.000,603836229,53313398,82855,39061,20,3,0,11,1781030,136,1010.20,18.71,0.033,
2023/10/07,03:45:27.000,603836221,53313408,82003,38210,24,3,0,62,1781030,211,1010.27,18.72,0.033,
2023/10/07,03:45:57.000,603836125,53314327,80996,37202,24,3,0,2,1781030,131,1010.31,18.71,0.033,
2023/10/07,03:46:27.000,603835954,53314719,79873,36079,21,3,0,54,1781030,172,1010.29,18.73,0.033,
2023/10/07,03:46:57.000,603835970,53313941,78081,34288,24,3,0,15,1781030,156,1010.35,18.73,0.033,
2023/10/07,03:47:27.000,603836130,53314105,83774,39980,25,3,0,11,1781030,126,1010.20,18.74,0.033,
2023/10/07,03:47:57.000,603836231,53314944,87673,43880,23,3,0,10,1781030,117,1010.34,18.72,0.033,
2023/10/07,03:48:27.000,603836411,53314593,89117,45323,22,3,0,9,1781030,126,1010.32,18.73,0.033,
2023/10/07,03:48:57.000,603836391,53314436,86988,43194,25,3,0,60,1781030,111,1010.37,18.73,0.033,
2023/10/07,03:49:27.000,603836263,53314323,81994,38200,24,3,0,35,1781030,116,1010.27,18.73,0.033,
2023/10/07,03:49:57.000,603836086,53315067,76238,32445,23,3,0,26,1781030,137,1010.36,18.74,0.033,
2023/10/07,03:50:27.000,603836057,53314948,76912,33118,26,3,0,40,1781030,120,1010.40,18.74,0.033,
2023/10/07,03:50:57.000,603836020,53315377,78510,34716,24,3,0,9,1781030,158,1010.31,18.72,0.033,
2023/10/07,03:51:27.000,603835940,53315573,78121,34327,23,3,0,24,1781030,134,1010.36,18.72,0.033,
2023/10/07,03:51:57.000,603835846,53315232,77089,33295,22,3,0,17,1781030,132,1010.34,18.71,0.033,
2023/10/07,03:52:27.000,603835952,53314994,77212,33418,24,3,0,38,1781030,189,1010.21,18.70,0.033,
2023/10/07,03:52:57.000,603835923,53315070,74056,30263,21,3,0,18,1781030,129,1010.29,18.70,0.033,
2023/10/07,03:53:27.000,603835957,53315237,73937,30144,23,3,0,19,1781030,122,1010.36,18.69,0.033,
2023/10/07,03:53:57.000,603835855,53315048,72368,28574,24,3,0,11,1781030,112,1010.32,18.68,0.033,
2023/10/07,03:54:27.000,603835795,53314673,70825,27032,23,3,0,45,1781030,115,1010.32,18.68,0.033,
2023/10/07,03:54:57.000,603835801,53314648,70373,26580,23,3,0,34,1781030,111,1010.35,18.67,0.033,
2023/10/07,03:55:27.000,603835824,53314923,73482,29688,20,3,0,8,1781030,124,1010.29,18.68,0.033,
2023/10/07,03:55:57.000,603835935,53314779,75985,32191,21,3,0,40,1781030,104,1010.33,18.69,0.033,
2023/10/07,03:56:27.000,603835927,53315371,74848,31055,19,3,0,52,1781030,151,1010.34,18.70,0.033,
