gps_Date,gps_Time,gps_Lat,gps_Long,gps_Alt,gps_AltMSL,gps_SIV,gps_FixType,gps_CarrierSolution,gps_GroundSpeed,gps_Heading,gps_pDOP,pressure_hPa,pressure_degC,output_Hz,
2023/10/12,01:55:27.000,603836382,53312965,93674,49880,22,3,0,3,30073804,144,993.21,18.61,0.033,
2023/10/12,01:55:57.000,603836357,53313008,106600,62806,21,3,0,49,30073804,145,993.25,18.62,0.033,
2023/10/12,01:56:27.000,603836308,53312622,96944,53150,21,3,0,52,30073804,143,993.33,18.62,0.033,
2023/10/12,01:56:57.000,603836423,53312455,101979,58186,19,3,0,38,30073804,150,993.28,18.63,0.033,
2023/10/12,01:57:27.000,603836456,53312648,95434,51640,21,3,0,44,30073804,132,993.33,18.62,0.033,
2023/10/12,01:57:57.000,603836254,53313871,85312,41519,19,3,0,55,30073804,152,993.35,18.61,0.033,
2023/10/12,01:58:27.000,603836220,53313949,79874,36080,21,3,0,47,30073804,131,993.30,18.62,0.033,
2023/10/12,01:58:57.000,603836441,53314046,86804,43011,19,3,0,72,30073804,136,993.29,18.61,0.033,
2023/10/12,01:59:27.000,603836616,53314551,92812,49018,18,3,0,51,30073804,162,993.33,18.62,0.033,
2023/10/12,01:59:57.000,603836881,53314127,97462,53668,17,3,0,67,30073804,148,993.24,18.62,0.033,
2023/10/12,02:00:27.000,603836991,53313436,98451,54658,20,3,0,37,30073804,130,993.34,18.62,0.033,
2023/10/12,02:00:57.000,603837189,53312476,102289,58496,21,3,0,34,30073804,136,993.36,18.61,0.033,
2023/10/12,02:01:27.000,603837045,53312383,95263,51469,21,3,0,16,30073804,130,993.32,18.62,0.033,
2023/10/12,02:01:57.000,603836995,53312029,92905,49111,23,3,0,15,30073804,120,993.41,18.62,0.033,
2023/10/12,02:02:27.000,603837094,53312157,97002,53209,22,3,0,38,30073804,120,993.37,18.61,0.033,
2023/10/12,02:02:57.000,603837050,53312400,96761,52968,16,3,0,21,30073804,165,993.35,18.61,0.033,
2023/10/12,02:03:27.000,603836767,53313153,90842,47048,21,3,0,42,30073804,129,993.40,18.60,0.033,
2023/10/12,02:03:57.000,603836519,53313329,82306,38512,23,3,0,16,30073804,120,993.49,18.60,0.033,
2023/10/12,02:04:27.000,603836427,53313599,81372,37579,21,3,0,40,30073804,119,993.46,18.59,0.033,
2023/10/12,02:04:57.000,603836110,53313875,76597,32803,23,3,0,51,30073804,119,993.42,18.59,0.033,
2023/10/12,02:05:27.000,603836142,53313984,79938,36144,21,3,0,56,30073804,130,993.43,18.60,0.033,
2023/10/12,02:05:57.000,603836192,53313835,80629,36836,21,3,0,5,30073804,125,993.41,18.60,0.033,
2023/10/12,02:06:27.000,603836192,53313591,75454,31661,20,3,0,33,30073804,152,993.51,18.60,0.033,
2023/10/12,02:06:57.000,603836379,53313407,71845,28051,21,3,0,39,30073804,245,993.48,18.61,0.033,
2023/10/12,02:07:27.000,603836524,53313531,72665,28871,21,3,0,42,30073804,123,993.49,18.61,0.033,
2023/10/12,02:07:57.000,603836660,53313320,76228,32434,22,3,0,45,30073804,136,993.44,18.61,0.033,
2023/10/12,02:08:27.000,603836386,53313403,71854,28061,23,3,0,59,30073804,126,993.55,18.62,0.033,
2023/10/12,02:08:57.000,603836056,53313325,64452,20658,23,3,0,8,30073804,116,993.65,18.62,0.033,
2023/10/12,02:09:27.000,603835926,53313373,60341,16547,24,3,0,76,30073804,109,993.57,18.61,0.033,
2023/10/12,02:09:57.000,603835982,53313474,62010,18216,21,3,0,49,30073804,202,993.69,18.62,0.033,
2023/10/12,02:10:27.000,603835956,53313726,60090,16296,22,3,0,26,30073804,218,993.69,18.60,0.033,
2023/10/12,02:10:57.000,603835987,53313715,62881,19088,17,3,0,51,30073804,151,993.76,18.61,0.033,
2023/10/12,02:11:27.000,603835844,53313670,62916,19123,20,3,0,9,30073804,142,993.62,18.62,0.033,
2023/10/12,02:11:57.000,603835724,53313712,64257,20464,19,3,0,11,30073804,142,993.71,18.62,0.033,
2023/10/12,02:12:27.000,603835633,53313345,64392,20599,22,3,0,44,30073804,196,993.79,18.62,0.033,
2023/10/12,02:12:57.000,603835246,53313748,56262,12469,22,3,0,55,30073804,144,993.83,18.61,0.033,
2023/10/12,02:13:27.000,603835066,53314233,56263,12469,19,3,0,29,30073804,238,993.84,18.62,0.033,
2023/10/12,02:13:57.000,603835411,53313514,60517,16723,21,3,0,18,30073804,224,993.79,18.63,0.033,
2023/10/12,02:14:27.000,603835594,53313754,60902,17109,23,3,0,17,30073804,137,993.89,18.63,0.033,
2023/10/12,02:14:57.000,603835883,53313349,67040,23246,23,3,0,19,30073804,136,993.91,18.63,0.033,
2023/10/12,02:15:27.000,603835971,53313159,68145,24351,24,3,0,9,30073804,137,993.90,18.64,0.033,
2023/10/12,02:15:57.000,603835873,53313512,67128,23334,21,3,0,28,30073804,273,993.88,18.64,0.033,
2023/10/12,02:16:27.000,603835686,53313648,66132,22338,20,3,0,29,30073804,296,993.80,18.64,0.033,
2023/10/12,02:16:57.000,603835940,53313361,67220,23427,22,3,0,18,30073804,121,993.86,18.64,0.033,
2023/10/12,02:17:27.000,603836156,53313340,65106,21312,22,3,0,7,30073804,152,993.78,18.63,0.033,
2023/10/12,02:17:57.000,603836176,53313118,65652,21858,23,3,0,17,30073804,134,993.65,18.62,0.033,
2023/10/12,02:18:27.000,603836073,53313227,70876,27082,20,3,0,14,30073804,199,993.65,18.64,0.033,
2023/10/12,02:18:57.000,603836055,53313552,73736,29942,23,3,0,24,30073804,147,993.79,18.63,0.033,
2023/10/12,02:19:27.000,603836048,53313023,75888,32094,24,3,0,30,30073804,116,993.83,18.62,0.033,
2023/10/12,02:19:57.000,603836014,53313242,75350,31556,22,3,0,33,30073804,110,993.80,18.61,0.033,
2023/10/12,02:20:27.000,603836011,53313284,74235,30441,22,3,0,46,30073804,120,993.72,18.58,0.033,
2023/10/12,02:20:57.000,603835975,53313542,75288,31494,22,3,0,21,30073804,129,993.82,18.60,0.033,
2023/10/12,02:21:27.000,603835848,53314203,74163,30369,23,3,0,29,30073804,137,993.77,18.61,0.033,
2023/10/12,02:21:57.000,603835843,53314127,73875,30081,22,3,0,20,30073804,201,993.89,18.58,0.033,
2023/10/12,02:22:27.000,603835987,53313998,75899,32105,20,3,0,37,30073804,129,993.78,18.58,0.033,
2023/10/12,02:22:57.000,603835963,53313984,77229,33435,23,3,0,17,30073804,147,993.89,18.60,0.033,
2023/10/12,02:23:27.000,603835845,53312978,74079,30285,25,3,0,19,30073804,111,993.76,18.59,0.033,
2023/10/12,02:23:57.000,603836092,53312628,76293,32499,24,3,0,12,30073804,113,993.84,18.59,0.033,
2023/10/12,02:24:27.000,603836229,53312359,78367,34573,22,3,0,18,30073804,126,993.84,18.60,0.033,
2023/10/12,02:24:57.000,603836411,53312105,80999,37205,25,3,0,13,30073804,111,993.90,18.59,0.033,
2023/10/12,02:25:27.000,603836567,53312003,85232,41438,24,3,0,6,30073804,137,993.91,18.59,0.033,
2023/10/12,02:25:57.000,603836804,53311566,92305,48511,26,3,0,15,30073804,106,993.98,18.59,0.033,
2023/10/12,02:26:27.000,603836918,53311252,93162,49368,24,3,0,37,30073804,106,993.99,18.59,0.033,
2023/10/12,02:26:57.000,603836789,53311227,91496,47702,24,3,0,17,30073804,117,994.02,18.59,0.033,
2023/10/12,02:27:27.000,603836573,53311217,88272,44478,23,3,0,28,30073804,132,993.99,18.59,0.033,
2023/10/12,02:27:57.000,603836361,53311122,83784,39990,23,3,0,14,30073804,137,993.99,18.59,0.033,
2023/10/12,02:28:27.000,603836365,53310830,84852,41058,25,3,0,28,30073804,119,994.05,18.59,0.033,
2023/10/12,02:28:57.000,603836515,53310907,88183,44389,20,3,0,15,30073804,141,994.07,18.60,0.033,
2023/10/12,02:29:27.000,603836642,53311216,90894,47100,23,3,0,13,30073804,125,994.08,18.60,0.033,
2023/10/12,02:29:57.000,603836649,53311242,89652,45858,23,3,0,21,30073804,112,994.11,18.58,0.033,
2023/10/12,02:30:27.000,603836684,53311229,91129,47335,19,3,0,41,30073804,137,994.00,18.58,0.033,
2023/10/12,02:30:57.000,603836508,53311369,91961,48167,19,3,0,8,30073804,124,994.00,18.58,0.033,
2023/10/12,02:31:27.000,603836656,53311449,94573,50780,21,3,0,9,30073804,117,994.05,18.59,0.033,
2023/10/12,02:31:57.000,603836389,53311469,89133,45339,21,3,0,38,30073804,116,994.01,18.58,0.033,
2023/10/12,02:32:27.000,603836358,53311783,88067,44273,22,3,0,16,30073804,143,994.16,18.58,0.033,
2023/10/12,02:32:57.000,603836191,53312115,83801,40007,22,3,0,8,30073804,126,994.16,18.57,0.033,
2023/10/12,02:33:27.000,603836035,53312016,81435,37641,21,3,0,82,30073804,123,994.15,18.58,0.033,
2023/10/12,02:33:57.000,603835982,53312070,82053,38259,23,3,0,35,30073804,104,994.26,18.58,0.033,
2023/10/12,02:34:27.000,603836172,53311605,83429,39635,25,3,0,77,30073804,106,994.14,18.60,0.033,
2023/10/12,02:34:57.000,603836230,53311785,82158,38364,25,3,0,40,30073804,101,994.26,18.60,0.033,
2023/10/12,02:35:27.000,603836158,53311691,76632,32838,26,3,0,38,30073804,113,994.21,18.60,0.033,
2023/10/12,02:35:57.000,603836374,53311769,80793,36999,26,3,0,58,30073804,96,994.24,18.60,0.033,
2023/10/12,02:36:27.000,603836381,53312015,81094,37300,25,3,0,21,30073804,103,994.23,18.59,0.033,
2023/10/12,02:36:57.000,603836320,53312359,81310,37517,27,3,0,19,30073804,106,994.20,18.58,0.033,
2023/10/12,02:37:27.000,603836362,53312625,83079,39285,26,3,0,44,30073804,103,994.23,18.59,0.033,
2023/10/12,02:37:57.000,603836439,53312165,84300,40506,27,3,0,47,30073804,101,994.30,18.59,0.033,
2023/10/12,02:38:27.000,603836421,53312077,85457,41663,25,3,0,31,30073804,101,994.22,18.59,0.033,
2023/10/12,02:38:57.000,603836426,53311950,85673,41879,25,3,0,70,30073804,100,994.20,18.59,0.033,
2023/10/12,02:39:27.000,603836591,53311668,90277,46483,25,3,0,53,30073804,102,994.15,18.59,0.033,
2023/10/12,02:39:57.000,603836511,53311477,91253,47459,24,3,0,14,30073804,106,994.31,18.59,0.033,
2023/10/12,02:40:27.000,603836400,53311360,89824,46030,24,3,0,58,30073804,104,994.31,18.57,0.033,
2023/10/12,02:40:57.000,603836336,53311567,87912,44118,25,3,0,22,30073804,108,994.26,18.56,0.033,
2023/10/12,02:41:27.000,603836404,53311507,87989,44195,24,3,0,41,30073804,124,994.29,18.57,0.033,
2023/10/12,02:41:57.000,603836534,53311461,87979,44185,25,3,0,33,30073804,125,994.41,18.58,0.033,
2023/10/12,02:42:27.000,603836535,53311253,86583,42789,23,3,0,28,30073804,123,994.35,18.58,0.033,
2023/10/12,02:42:57.000,603836424,53310984,85308,41514,25,3,0,35,30073804,123,994.37,18.58,0.033,
2023/10/12,02:43:27.000,603836301,53311198,83422,39628,24,3,0,76,30073804,108,994.34,18.59,0.033,
2023/10/12,02:43:57.000,603836220,53311308,87192,43398,25,3,0,17,30073804,128,994.43,18.59,0.033,
2023/10/12,02:44:27.000,603836289,53311486,87491,43697,24,3,0,20,30073804,118,994.44,18.57,0.033,
2023/10/12,02:44:57.000,603836225,53311952,83617,39823,23,3,0,8,30073804,127,994.40,18.59,0.033,
2023/10/12,02:45:27.000,603836370,53312303,86092,42299,23,3,0,27,30073804,126,994.45,18.59,0.033,
2023/10/12,02:45:57.000,603836514,53312412,91131,47337,26,3,0,41,30073804,108,994.44,18.58,0.033,
2023/10/12,02:46:27.000,603836413,53312736,91265,47471,24,3,0,24,30073804,123,994.50,18.59,0.033,
2023/10/12,02:46:57.000,603836470,53313017,90864,47070,24,3,0,66,30073804,145,994.43,18.59,0.033,
2023/10/12,02:47:27.000,603836335,53312504,87859,44065,24,3,0,24,30073804,123,994.49,18.59,0.033,
2023/10/12,02:47:57.000,603836350,53312014,86908,43115,23,3,0,15,30073804,130,994.59,18.59,0.033,
2023/10/12,02:48:27.000,603836447,53311764,86538,42744,24,3,0,28,30073804,122,994.61,18.59,0.033,
2023/10/12,02:48:57.000,603836722,53311940,91324,47530,25,3,0,21,30073804,124,994.63,18.60,0.033,
2023/10/12,02:49:27.000,603836750,53312016,90682,46888,21,3,0,16,30073804,131,994.45,18.60,0.033,
2023/10/12,02:49:57.000,603836590,53312197,88924,45130,24,3,0,17,30073804,135,994.64,18.60,0.033,
2023/10/12,02:50:27.000,603836496,53312402,89238,45444,23,3,0,14,30073804,134,994.66,18.59,0.033,
2023/10/12,02:50:57.000,603836375,53313133,86492,42698,27,3,0,42,30073804,133,994.54,18.58,0.033,
2023/10/12,02:51:27.000,603836498,53313095,86670,42876,24,3,0,2,30073804,137,994.49,18.59,0.033,
2023/10/12,02:51:57.000,603836477,53313035,84919,41125,23,3,0,6,30073804,104,994.45,18.59,0.033,
2023/10/12,02:52:27.000,603836509,53312988,83470,39676,26,3,0,18,30073804,99,994.53,18.58,0.033,
2023/10/12,02:52:57.000,603836564,53312468,82980,39186,25,3,0,21,30073804,106,994.55,18.58,0.033,
2023/10/12,02:53:27.000,603836489,53312492,82144,38350,25,3,0,40,30073804,120,994.58,18.58,0.033,
2023/10/12,02:53:57.000,603836419,53312754,83399,39605,26,3,0,16,30073804,114,994.56,18.59,0.033,
2023/10/12,02:54:27.000,603836381,53313127,83219,39425,26,3,0,15,30073804,127,994.60,18.59,0.033,
2023/10/12,02:54:57.000,603836221,53313961,83769,39975,23,3,0,10,30073804,141,994.60,18.60,0.033,
2023/10/12,02:55:27.000,603836307,53313770,85622,41829,22,3,0,25,30073804,138,994.54,18.61,0.033,
