gps_Date,gps_Time,gps_Lat,gps_Long,gps_Alt,gps_AltMSL,gps_SIV,gps_FixType,gps_CarrierSolution,gps_GroundSpeed,gps_Heading,gps_pDOP,pressure_hPa,pressure_degC,output_Hz,
2023/10/08,09:10:57.000,603836582,53313038,83747,39953,20,3,0,12,8753854,137,1024.00,18.80,0.033,
2023/10/08,09:11:27.000,603836607,53312628,84777,40983,19,3,0,36,8753854,146,1023.99,18.78,0.033,
2023/10/08,09:11:57.000,603836610,53312399,86291,42497,18,3,0,21,8753854,156,1024.04,18.79,0.033,
2023/10/08,09:12:27.000,603836621,53312668,88232,44438,18,3,0,42,8753854,173,1024.02,18.80,0.033,
2023/10/08,09:12:57.000,603836644,53312657,89880,46086,16,3,0,20,8753854,139,1024.05,18.81,0.033,
2023/10/08,09:13:27.000,603836542,53312612,88108,44314,16,3,0,14,8753854,150,1024.02,18.81,0.033,
2023/10/08,09:13:57.000,603836445,53312987,87026,43232,17,3,0,28,8753854,269,1024.09,18.80,0.033,
2023/10/08,09:14:27.000,603836467,53312593,87769,43975,16,3,0,70,8753854,151,1024.09,18.79,0.033,
2023/10/08,09:14:57.000,603836335,53312154,85551,41757,16,3,0,34,8753854,143,1024.07,18.79,0.033,
2023/10/08,09:15:27.000,603836332,53312390,85359,41565,18,3,0,135,8753854,156,1024.27,18.78,0.033,
2023/10/08,09:15:57.000,603836314,53312579,83361,39567,17,3,0,29,8753854,153,1024.25,18.78,0.033,
2023/10/08,09:16:27.000,603836347,53313375,81795,38001,18,3,0,71,8753854,146,1024.32,18.77,0.033,
2023/10/08,09:16:57.000,603836367,53313474,80659,36865,21,3,0,76,8753854,144,1024.29,18.77,0.033,
2023/10/08,09:17:27.000,603836343,53313656,83552,39758,18,3,0,15,8753854,127,1024.32,18.77,0.033,
2023/10/08,09:17:57.000,603836377,53313453,84153,40359,19,3,0,30,8753854,135,1024.20,18.77,0.033,
2023/10/08,09:18:27.000,603836512,53313180,84419,40626,17,3,0,9,30386700,127,1024.18,18.76,0.033,
2023/10/08,09:18:57.000,603836551,53312502,84186,40393,18,3,0,41,30386700,160,1024.14,18.76,0.033,
2023/10/08,09:19:27.000,603836569,53311747,83987,40193,17,3,0,115,30386700,240,1024.18,18.76,0.033,
2023/10/08,09:19:57.000,603836649,53312020,87084,43290,14,3,0,52,30386700,160,1024.12,18.78,0.033,
2023/10/08,09:20:27.000,603836724,53312230,89526,45732,16,3,0,9,30386700,111,1024.05,18.79,0.033,
2023/10/08,09:20:57.000,603836640,53311772,88093,44299,20,3,0,9,30386700,128,1024.20,18.80,0.033,
2023/10/08,09:21:27.000,603836585,53311549,86496,42702,17,3,0,25,30386700,115,1024.17,18.81,0.033,
2023/10/08,09:21:57.000,603836510,53311708,85960,42166,19,3,0,48,30386700,120,1024.17,18.82,0.033,
2023/10/08,09:22:27.000,603836498,53311451,86882,43088,20,3,0,2,30386700,118,1024.18,18.83,0.033,
2023/10/08,09:22:57.000,603836377,53311542,87085,43291,21,3,0,16,30386700,124,1024.04,18.83,0.033,
2023/10/08,09:23:27.000,603836247,53311829,88000,44206,18,3,0,30,30386700,145,1024.08,18.84,0.033,
2023/10/08,09:23:57.000,603836162,53312215,88720,44926,19,3,0,52,30386700,115,1023.98,18.86,0.033,
2023/10/08,09:24:27.000,603836078,53312469,87955,44161,19,3,0,35,30386700,121,1023.89,18.86,0.033,
2023/10/08,09:24:57.000,603835991,53312649,87765,43971,20,3,0,28,30386700,115,1024.06,18.86,0.033,
2023/10/08,09:25:27.000,603835991,53312326,88206,44412,19,3,0,18,30386700,114,1023.99,18.87,0.033,
2023/10/08,09:25:57.000,603836123,53311886,88236,44442,20,3,0,26,30386700,127,1023.96,18.86,0.033,
2023/10/08,09:26:27.000,603836152,53312443,87243,43449,19,3,0,93,30386700,134,1023.99,18.88,0.033,
2023/10/08,09:26:57.000,603836100,53312596,87997,44203,18,3,0,68,30386700,146,1024.06,18.88,0.033,
2023/10/08,09:27:27.000,603836244,53311694,88947,45153,18,3,0,25,30386700,142,1024.08,18.88,0.033,
2023/10/08,09:27:57.000,603836305,53310267,91950,48156,19,3,0,26,30386700,132,1023.98,18.88,0.033,
2023/10/08,09:28:27.000,603836203,53311604,88545,44751,19,3,0,34,30386700,133,1024.01,18.88,0.033,
2023/10/08,09:28:57.000,603836274,53311847,87846,44052,18,3,0,33,30386700,142,1023.95,18.90,0.033,
2023/10/08,09:29:27.000,603836317,53311915,86412,42618,17,3,0,85,30386700,120,1023.96,18.90,0.033,
2023/10/08,09:29:57.000,603836408,53312096,85511,41717,20,3,0,43,30386700,127,1023.99,18.89,0.033,
2023/10/08,09:30:27.000,603836478,53312089,86310,42516,19,3,0,62,30386700,144,1023.98,18.90,0.033,
2023/10/08,09:30:57.000,603836485,53312610,84072,40278,18,3,0,55,30386700,161,1024.10,18.89,0.033,
2023/10/08,09:31:27.000,603836409,53313023,82561,38767,18,3,0,22,30386700,115,1024.03,18.90,0.033,
2023/10/08,09:31:57.000,603836221,53312998,82196,38403,20,3,0,19,30386700,110,1023.97,18.90,0.033,
2023/10/08,09:32:27.000,603836078,53313037,82191,38397,22,3,0,8,30386700,157,1023.97,18.92,0.033,
2023/10/08,09:32:57.000,603836118,53314681,75524,31731,19,3,0,80,30386700,143,1023.99,18.92,0.033,
2023/10/08,09:33:27.000,603836096,53315062,75182,31388,20,3,0,39,30386700,118,1024.05,18.92,0.033,
2023/10/08,09:33:57.000,603836175,53314722,76651,32857,19,3,0,11,30386700,140,1024.02,18.91,0.033,
2023/10/08,09:34:27.000,603836228,53313659,80900,37106,20,3,0,33,30386700,121,1023.96,18.92,0.033,
2023/10/08,09:34:57.000,603836324,53313233,82792,38999,21,3,0,23,30386700,132,1023.98,18.91,0.033,
2023/10/08,09:35:27.000,603836397,53312768,83769,39975,20,3,0,63,30386700,126,1024.04,18.92,0.033,
2023/10/08,09:35:57.000,603836532,53311934,87734,43940,20,3,0,35,30386700,136,1024.07,18.93,0.033,
2023/10/08,09:36:27.000,603836542,53311736,90633,46840,20,3,0,66,30386700,139,1024.02,18.94,0.033,
2023/10/08,09:36:57.000,603836396,53311645,91081,47287,19,3,0,14,30386700,123,1024.00,18.96,0.033,
2023/10/08,09:37:27.000,603836301,53311953,89622,45828,18,3,0,5,30386700,120,1023.96,18.96,0.033,
2023/10/08,09:37:57.000,603836426,53311489,87473,43679,21,3,0,24,30386700,136,1023.94,18.99,0.033,
2023/10/08,09:38:27.000,603836481,53311391,86073,42279,20,3,0,40,30386700,118,1023.87,18.99,0.033,
2023/10/08,09:38:57.000,603836471,53311629,84556,40762,20,3,0,11,30386700,155,1023.98,19.01,0.033,
2023/10/08,09:39:27.000,603836639,53311923,82902,39108,18,3,0,4,30386700,155,1023.93,19.02,0.033,
2023/10/08,09:39:57.000,603836771,53312319,80891,37097,19,3,0,44,30386700,136,1023.97,19.01,0.033,
2023/10/08,09:40:27.000,603836688,53312566,81700,37907,17,3,0,51,30386700,127,1023.84,19.02,0.033,
2023/10/08,09:40:57.000,603836588,53312831,83017,39224,20,3,0,17,30386700,156,1023.88,19.02,0.033,
2023/10/08,09:41:27.000,603836410,53313511,83737,39944,16,3,0,39,30386700,133,1023.91,19.02,0.033,
2023/10/08,09:41:57.000,603836299,53313886,85932,42138,17,3,0,12,30386700,141,1024.01,19.02,0.033,
2023/10/08,09:42:27.000,603836175,53314037,86181,42387,15,3,0,55,30386700,201,1023.91,19.04,0.033,
2023/10/08,09:42:57.000,603836141,53313945,86961,43168,18,3,0,50,30386700,158,1023.94,19.05,0.033,
2023/10/08,09:43:27.000,603836329,53313558,87938,44145,18,3,0,31,30386700,130,1024.05,19.06,0.033,
2023/10/08,09:43:57.000,603836402,53313844,87307,43513,19,3,0,12,30386700,118,1024.10,19.05,0.033,
2023/10/08,09:44:27.000,603836352,53314006,86120,42327,20,3,0,17,30386700,161,1024.17,19.05,0.033,
2023/10/08,09:44:57.000,603836345,53314143,84915,41121,19,3,0,41,30386700,125,1024.08,19.05,0.033,
2023/10/08,09:45:27.000,603836293,53314055,84613,40820,20,3,0,17,30386700,188,1023.98,19.05,0.033,
2023/10/08,09:45:57.000,603836256,53313631,85554,41760,17,3,0,18,30386700,163,1023.96,19.06,0.033,
2023/10/08,09:46:27.000,603836177,53313993,84332,40538,17,3,0,11,30386700,126,1023.99,19.08,0.033,
2023/10/08,09:46:57.000,603836187,53314342,83963,40170,20,3,0,55,30386700,148,1023.94,19.09,0.033,
2023/10/08,09:47:27.000,603836181,53314521,84664,40870,20,3,0,26,30386700,176,1023.94,19.10,0.033,
2023/10/08,09:47:57.000,603836131,53314817,84225,40431,19,3,0,27,30386700,170,1023.96,19.10,0.033,
2023/10/08,09:48:27.000,603836140,53314659,84783,40990,18,3,0,1,30386700,165,1023.91,19.11,0.033,
2023/10/08,09:48:57.000,603836217,53314323,85931,42137,19,3,0,81,30386700,164,1023.90,19.11,0.033,
2023/10/08,09:49:27.000,603836167,53314163,86192,42399,19,3,0,58,30386700,171,1023.91,19.12,0.033,
2023/10/08,09:49:57.000,603836230,53313707,87577,43783,17,3,0,61,30386700,163,1023.97,19.11,0.033,
2023/10/08,09:50:27.000,603836241,53313450,86333,42539,17,3,0,46,30386700,129,1023.94,19.10,0.033,
2023/10/08,09:50:57.000,603836354,53313563,86095,42301,18,3,0,22,30386700,128,1023.96,19.11,0.033,
2023/10/08,09:51:27.000,603836448,53313226,85654,41860,16,3,0,42,30386700,180,1024.02,19.11,0.033,
2023/10/08,09:51:57.000,603836441,53313372,85450,41656,14,3,0,34,30386700,191,1023.99,19.11,0.033,
2023/10/08,09:52:27.000,603836326,53313917,82947,39153,14,3,0,26,30386700,176,1024.05,19.11,0.033,
2023/10/08,09:52:57.000,603836234,53314165,81786,37992,17,3,0,17,30386700,189,1024.00,19.12,0.033,
2023/10/08,09:53:27.000,603836203,53314141,82196,38402,15,3,0,18,30386700,191,1024.09,19.12,0.033,
2023/10/08,09:53:57.000,603836343,53313339,84748,40954,18,3,0,11,30386700,145,1023.97,19.12,0.033,
2023/10/08,09:54:27.000,603836566,53312220,89446,45652,17,3,0,37,30386700,144,1024.03,19.12,0.033,
2023/10/08,09:54:57.000,603836753,53312080,90679,46885,17,3,0,3,30386700,167,1024.09,19.13,0.033,
2023/10/08,09:55:27.000,603836745,53312236,89030,45236,14,3,0,10,30386700,142,1024.03,19.14,0.033,
2023/10/08,09:55:57.000,603836658,53312726,86197,42404,18,3,0,25,30386700,151,1024.03,19.13,0.033,
2023/10/08,09:56:27.000,603836493,53312951,83816,40022,16,3,0,27,30386700,166,1024.08,19.14,0.033,
2023/10/08,09:56:57.000,603836594,53312868,84581,40787,17,3,0,34,30386700,176,1024.04,19.14,0.033,
2023/10/08,09:57:27.000,603836645,53312669,83431,39638,16,3,0,21,30386700,176,1024.12,19.14,0.033,
2023/10/08,09:57:57.000,603836581,53312487,84117,40323,16,3,0,8,30386700,149,1024.12,19.14,0.033,
2023/10/08,09:58:27.000,603836678,53312098,86425,42631,16,3,0,3,30386700,163,1024.11,19.15,0.033,
2023/10/08,09:58:57.000,603836761,53311775,88979,45186,15,3,0,9,30386700,147,1024.09,19.16,0.033,
2023/10/08,09:59:27.000,603836807,53311710,90603,46809,17,3,0,5,30386700,189,1024.11,19.16,0.033,
2023/10/08,09:59:57.000,603836836,53311827,91341,47547,16,3,0,21,30386700,152,1024.13,19.16,0.033,
2023/10/08,10:00:27.000,603836740,53311908,89842,46048,17,3,0,30,30386700,146,1024.12,19.17,0.033,
2023/10/08,10:00:57.000,603836534,53312033,87088,43295,17,3,0,4,30386700,146,1024.02,19.17,0.033,
2023/10/08,10:01:27.000,603836431,53311913,86172,42378,18,3,0,25,30386700,150,1024.03,19.17,0.033,
2023/10/08,10:01:57.000,603836472,53311989,86356,42563,16,3,0,23,30386700,132,1024.15,19.18,0.033,
2023/10/08,10:02:27.000,603836496,53312233,87035,43241,18,3,0,51,30386700,135,1024.13,19.18,0.033,
2023/10/08,10:02:57.000,603836427,53313068,85932,42138,17,3,0,33,30386700,137,1024.11,19.19,0.033,
2023/10/08,10:03:27.000,603836283,53313633,84833,41039,16,3,0,52,30386700,161,1024.23,19.17,0.033,
2023/10/08,10:03:57.000,603836246,53313505,84821,41027,15,3,0,41,30386700,172,1024.12,19.18,0.033,
2023/10/08,10:04:27.000,603836151,53313329,84672,40878,16,3,0,50,30386700,146,1024.06,19.17,0.033,
2023/10/08,10:04:57.000,603836102,53313490,84495,40701,16,3,0,35,30386700,192,1024.08,19.18,0.033,
2023/10/08,10:05:27.000,603836180,53313087,85581,41787,14,3,0,23,30386700,168,1024.20,19.18,0.033,
2023/10/08,10:05:57.000,603836287,53312799,86131,42337,16,3,0,5,30386700,140,1024.17,19.17,0.033,
2023/10/08,10:06:27.000,603836322,53312668,86033,42239,17,3,0,27,30386700,183,1024.19,19.16,0.033,
2023/10/08,10:06:57.000,603836281,53312751,85584,41790,17,3,0,20,30386700,133,1024.38,19.16,0.033,
2023/10/08,10:07:27.000,603836347,53312673,85038,41244,16,3,0,14,30386700,136,1024.37,19.16,0.033,
2023/10/08,10:07:57.000,603836516,53312451,85725,41932,18,3,0,16,30386700,132,1024.44,19.15,0.033,
2023/10/08,10:08:27.000,603836581,53312356,85390,41596,17,3,0,28,30386700,143,1024.38,19.14,0.033,
2023/10/08,10:08:57.000,603836703,53312218,85643,41849,17,3,0,38,30386700,159,1024.20,19.15,0.033,
2023/10/08,10:09:27.000,603836734,53312304,86541,42747,17,3,0,31,30386700,139,1024.33,19.16,0.033,
2023/10/08,10:09:57.000,603836681,53312197,84970,41176,16,3,0,8,30386700,133,1024.39,19.17,0.033,
2023/10/08,10:10:27.000,603836688,53312124,83089,39295,16,3,0,26,30386700,128,1024.35,19.16,0.033,
2023/10/08,10:10:57.000,603836599,53312360,83474,39680,17,3,0,25,30386700,144,1024.33,19.16,0.033,
