gps_Date,gps_Time,gps_Lat,gps_Long,gps_Alt,gps_AltMSL,gps_SIV,gps_FixType,gps_CarrierSolution,gps_GroundSpeed,gps_Heading,gps_pDOP,pressure_hPa,pressure_degC,output_Hz,
2023/10/12,16:01:57.000,603836227,53312037,80450,36656,20,3,0,21,13788184,197,1003.59,19.62,0.033,
2023/10/12,16:02:27.000,603836387,53312359,82743,38949,18,3,0,15,13788184,171,1003.57,19.62,0.033,
2023/10/12,16:02:57.000,603836484,53311942,84864,41070,20,3,0,13,13788184,124,1003.53,19.62,0.033,
2023/10/12,16:03:27.000,603836466,53311786,85404,41610,21,3,0,26,13788184,141,1003.61,19.62,0.033,
2023/10/12,16:03:57.000,603836362,53312094,78249,34455,19,3,0,154,13788184,139,1003.58,19.62,0.033,
2023/10/12,16:04:27.000,603836315,53312097,77198,33404,19,3,0,10,13788184,144,1003.66,19.62,0.033,
2023/10/12,16:04:57.000,603836666,53311275,83344,39550,21,3,0,42,13788184,173,1003.62,19.62,0.033,
2023/10/12,16:05:27.000,603837062,53312534,88940,45146,18,3,0,55,13788184,154,1003.58,19.62,0.033,
2023/10/12,16:05:57.000,603837052,53312371,89382,45588,19,3,0,51,13788184,145,1003.60,19.62,0.033,
2023/10/12,16:06:27.000,603836848,53311911,87540,43746,16,3,0,44,13788184,212,1003.53,19.62,0.033,
2023/10/12,16:06:57.000,603836520,53312174,81308,37515,19,3,0,26,13788184,173,1003.44,19.62,0.033,
2023/10/12,16:07:27.000,603836554,53312411,79228,35435,18,3,0,21,13788184,174,1003.48,19.61,0.033,
2023/10/12,16:07:57.000,603836439,53312415,74779,30986,19,3,0,23,13788184,161,1003.48,19.60,0.033,
2023/10/12,16:08:27.000,603836443,53312545,76663,32869,19,3,0,4,13788184,121,1003.46,19.61,0.033,
2023/10/12,16:08:57.000,603836400,53312285,78258,34464,21,3,0,31,13788184,148,1003.42,19.62,0.033,
2023/10/12,16:09:27.000,603836504,53312399,78470,34676,21,3,0,59,13788184,176,1003.40,19.62,0.033,
2023/10/12,16:09:57.000,603836252,53312445,74860,31066,20,3,0,7,13788184,163,1003.43,19.61,0.033,
2023/10/12,16:10:27.000,603836076,53312716,74863,31069,19,3,0,63,13788184,130,1003.38,19.61,0.033,
2023/10/12,16:10:57.000,603836355,53312791,77882,34088,21,3,0,28,13788184,169,1003.44,19.61,0.033,
2023/10/12,16:11:27.000,603836419,53312931,74666,30873,18,3,0,46,13788184,164,1003.43,19.61,0.033,
2023/10/12,16:11:57.000,603836382,53313172,73272,29479,16,3,0,63,13788184,134,1003.40,19.62,0.033,
2023/10/12,16:12:27.000,603836600,53313083,75689,31895,19,3,0,90,13788184,177,1003.42,19.61,0.033,
2023/10/12,16:12:57.000,603836371,53312991,74700,30906,18,3,0,20,13788184,187,1003.48,19.60,0.033,
2023/10/12,16:13:27.000,603836336,53312908,77872,34078,15,3,0,29,13788184,193,1003.40,19.61,0.033,
2023/10/12,16:13:57.000,603836282,53313390,78867,35073,16,3,0,59,13788184,142,1003.48,19.61,0.033,
2023/10/12,16:14:27.000,603836356,53313301,80820,37026,16,3,0,26,13788184,135,1003.45,19.60,0.033,
2023/10/12,16:14:57.000,603836438,53313007,80425,36631,18,3,0,35,13788184,175,1003.44,19.60,0.033,
2023/10/12,16:15:27.000,603836580,53312955,84708,40914,17,3,0,61,13788184,177,1003.46,19.59,0.033,
2023/10/12,16:15:57.000,603836036,53312999,73897,30103,17,3,0,28,13788184,127,1003.43,19.60,0.033,
2023/10/12,16:16:27.000,603836277,53313095,77135,33341,19,3,0,8,13788184,126,1003.43,19.60,0.033,
2023/10/12,16:16:57.000,603836414,53312802,77899,34105,20,3,0,53,13788184,144,1003.38,19.60,0.033,
2023/10/12,16:17:27.000,603836408,53313085,76447,32653,21,3,0,5,13788184,124,1003.43,19.59,0.033,
2023/10/12,16:17:57.000,603836563,53312951,78661,34867,20,3,0,21,13788184,123,1003.45,19.59,0.033,
2023/10/12,16:18:27.000,603836569,53312466,76059,32266,21,3,0,32,13788184,117,1003.49,19.58,0.033,
2023/10/12,16:18:57.000,603836640,53312051,73343,29549,21,3,0,16,13788184,117,1003.41,19.59,0.033,
2023/10/12,16:19:27.000,603836699,53311902,72965,29171,21,3,0,44,13788184,129,1003.44,19.58,0.033,
2023/10/12,16:19:57.000,603836473,53311933,71239,27445,20,3,0,36,13788184,123,1003.39,19.58,0.033,
2023/10/12,16:20:27.000,603836477,53312007,72886,29092,20,3,0,25,13788184,124,1003.44,19.58,0.033,
2023/10/12,16:20:57.000,603836555,53312187,76244,32450,20,3,0,34,13788184,127,1003.38,19.58,0.033,
2023/10/12,16:21:27.000,603836522,53311805,75251,31457,20,3,0,18,13788184,223,1003.45,19.57,0.033,
2023/10/12,16:21:57.000,603836457,53311491,76882,33088,19,3,0,19,13788184,226,1003.48,19.56,0.033,
2023/10/12,16:22:27.000,603836517,53311255,81213,37420,18,3,0,29,13788184,178,1003.42,19.56,0.033,
2023/10/12,16:22:57.000,603836456,53311040,82345,38551,18,3,0,8,13788184,146,1003.44,19.56,0.033,
2023/10/12,16:23:27.000,603836548,53311164,85302,41508,17,3,0,26,13788184,145,1003.44,19.55,0.033,
2023/10/12,16:23:57.000,603836696,53311475,87837,44043,17,3,0,81,13788184,220,1003.49,19.56,0.033,
2023/10/12,16:24:27.000,603836747,53311891,87596,43802,18,3,0,22,13788184,124,1003.48,19.56,0.033,
2023/10/12,16:24:57.000,603836787,53312613,90548,46754,19,3,0,9,13788184,139,1003.40,19.56,0.033,
2023/10/12,16:25:27.000,603836887,53312537,92048,48254,18,3,0,21,13788184,126,1003.38,19.56,0.033,
2023/10/12,16:25:57.000,603836935,53312324,91492,47698,19,3,0,35,13788184,126,1003.43,19.55,0.033,
2023/10/12,16:26:27.000,603836969,53312396,90555,46761,20,3,0,76,13788184,209,1003.46,19.55,0.033,
2023/10/12,16:26:57.000,603836985,53312279,93115,49321,18,3,0,25,13788184,131,1003.38,19.54,0.033,
2023/10/12,16:27:27.000,603836886,53312217,93090,49296,18,3,0,22,13788184,230,1003.40,19.55,0.033,
2023/10/12,16:27:57.000,603836899,53312417,92015,48221,17,3,0,75,13788184,186,1003.41,19.54,0.033,
2023/10/12,16:28:27.000,603836900,53312570,89504,45711,19,3,0,29,13788184,210,1003.39,19.53,0.033,
2023/10/12,16:28:57.000,603836935,53312530,88651,44857,17,3,0,9,13788184,225,1003.34,19.52,0.033,
2023/10/12,16:29:27.000,603836869,53312904,85381,41587,19,3,0,44,13788184,229,1003.36,19.53,0.033,
2023/10/12,16:29:57.000,603836662,53313164,82403,38609,18,3,0,70,13788184,210,1003.36,19.52,0.033,
2023/10/12,16:30:27.000,603836687,53313656,85788,41995,18,3,0,35,13788184,237,1003.34,19.52,0.033,
2023/10/12,16:30:57.000,603836758,53313645,87278,43484,16,3,0,21,13788184,237,1003.36,19.51,0.033,
2023/10/12,16:31:27.000,603836942,53313407,89170,45376,17,3,0,26,13788184,231,1003.44,19.51,0.033,
2023/10/12,16:31:57.000,603837061,53313083,88117,44323,17,3,0,43,13788184,154,1003.39,19.51,0.033,
2023/10/12,16:32:27.000,603837222,53313245,92479,48686,18,3,0,42,13788184,232,1003.39,19.50,0.033,
2023/10/12,16:32:57.000,603837067,53313139,88766,44972,15,3,0,45,13788184,189,1003.38,19.50,0.033,
2023/10/12,16:33:27.000,603837001,53312450,88128,44334,19,3,0,30,13788184,155,1003.42,19.49,0.033,
2023/10/12,16:33:57.000,603837016,53311985,89310,45517,18,3,0,50,13788184,153,1003.35,19.49,0.033,
2023/10/12,16:34:27.000,603837039,53311716,89311,45517,17,3,0,75,13788184,240,1003.38,19.49,0.033,
2023/10/12,16:34:57.000,603837053,53311584,89095,45301,17,3,0,14,13788184,214,1003.34,19.49,0.033,
2023/10/12,16:35:27.000,603836998,53311765,91022,47228,18,3,0,9,13788184,196,1003.34,19.49,0.033,
2023/10/12,16:35:57.000,603837202,53311632,94716,50922,19,3,0,31,13788184,205,1003.32,19.49,0.033,
2023/10/12,16:36:27.000,603837304,53311557,97201,53407,17,3,0,20,13788184,185,1003.39,19.50,0.033,
2023/10/12,16:36:57.000,603837334,53311721,97527,53733,18,3,0,16,13788184,206,1003.41,19.49,0.033,
2023/10/12,16:37:27.000,603837271,53311822,94612,50818,17,3,0,72,13788184,190,1003.32,19.49,0.033,
2023/10/12,16:37:57.000,603837277,53311748,90955,47161,20,3,0,93,13788184,195,1003.32,19.50,0.033,
2023/10/12,16:38:27.000,603837384,53312086,92677,48884,19,3,0,24,13788184,178,1003.40,19.49,0.033,
2023/10/12,16:38:57.000,603837641,53312926,100107,56313,21,3,0,214,13788184,197,1003.38,19.49,0.033,
2023/10/12,16:39:27.000,603837615,53313436,102325,58531,17,3,0,19,13788184,149,1003.40,19.48,0.033,
2023/10/12,16:39:57.000,603837331,53312906,92896,49103,19,3,0,105,13788184,148,1003.32,19.49,0.033,
2023/10/12,16:40:27.000,603837218,53312979,90740,46946,20,3,0,36,13788184,223,1003.30,19.48,0.033,
2023/10/12,16:40:57.000,603837232,53313119,91889,48096,19,3,0,23,13788184,195,1003.35,19.48,0.033,
2023/10/12,16:41:27.000,603837321,53313131,93499,49705,16,3,0,25,13788184,212,1003.35,19.48,0.033,
2023/10/12,16:41:57.000,603837476,53313156,96872,53078,16,3,0,5,13788184,257,1003.37,19.47,0.033,
2023/10/12,16:42:27.000,603837603,53312398,97150,53356,19,3,0,8,13788184,186,1003.38,19.46,0.033,
2023/10/12,16:42:57.000,603837640,53312391,98472,54678,20,3,0,49,13788184,159,1003.44,19.46,0.033,
2023/10/12,16:43:27.000,603837428,53312722,95519,51726,20,3,0,42,13788184,156,1003.43,19.46,0.033,
2023/10/12,16:43:57.000,603837378,53312947,94756,50962,20,3,0,16,13788184,144,1003.51,19.46,0.033,
2023/10/12,16:44:27.000,603837453,53312790,95575,51781,21,3,0,28,13788184,155,1003.41,19.46,0.033,
2023/10/12,16:44:57.000,603837520,53313040,99564,55771,21,3,0,70,13788184,202,1003.44,19.46,0.033,
2023/10/12,16:45:27.000,603837551,53312714,100390,56597,20,3,0,47,13788184,168,1003.44,19.46,0.033,
2023/10/12,16:45:57.000,603837574,53313022,100841,57047,21,3,0,18,13788184,171,1003.45,19.46,0.033,
2023/10/12,16:46:27.000,603837613,53313227,103918,60124,23,3,0,6,13788184,167,1003.47,19.46,0.033,
2023/10/12,16:46:57.000,603837960,53312628,109912,66119,21,3,0,32,13788184,156,1003.42,19.46,0.033,
2023/10/12,16:47:27.000,603838069,53312674,110456,66662,21,3,0,58,13788184,172,1003.45,19.45,0.033,
2023/10/12,16:47:57.000,603838311,53312646,113207,69414,21,3,0,15,13788184,144,1003.38,19.45,0.033,
2023/10/12,16:48:27.000,603838408,53312669,111806,68012,21,3,0,40,13788184,181,1003.38,19.46,0.033,
2023/10/12,16:48:57.000,603838326,53312654,109639,65846,21,3,0,68,13788184,186,1003.37,19.45,0.033,
2023/10/12,16:49:27.000,603838133,53312949,105545,61751,21,3,0,68,13788184,197,1003.38,19.46,0.033,
2023/10/12,16:49:57.000,603838148,53313224,105759,61965,22,3,0,33,13788184,156,1003.44,19.45,0.033,
2023/10/12,16:50:27.000,603837775,53312547,98482,54688,23,3,0,23,13788184,251,1003.40,19.45,0.033,
2023/10/12,16:50:57.000,603837291,53312547,91164,47370,20,3,0,60,13788184,165,1003.36,19.45,0.033,
2023/10/12,16:51:27.000,603837531,53312854,99084,55290,22,3,0,38,13788184,174,1003.34,19.44,0.033,
2023/10/12,16:51:57.000,603837711,53313002,105471,61677,22,3,0,76,13788184,144,1003.35,19.45,0.033,
2023/10/12,16:52:27.000,603837467,53312800,101020,57226,23,3,0,24,13788184,154,1003.37,19.45,0.033,
2023/10/12,16:52:57.000,603837821,53312411,105702,61909,23,3,0,66,13788184,145,1003.38,19.45,0.033,
2023/10/12,16:53:27.000,603837762,53312291,103445,59651,24,3,0,27,13788184,135,1003.35,19.45,0.033,
2023/10/12,16:53:57.000,603837563,53312454,101018,57224,21,3,0,40,13788184,197,1003.43,19.45,0.033,
2023/10/12,16:54:27.000,603837609,53312565,103462,59668,19,3,0,36,13788184,156,1003.40,19.45,0.033,
2023/10/12,16:54:57.000,603837285,53311988,95365,51571,22,3,0,28,13788184,176,1003.42,19.45,0.033,
2023/10/12,16:55:27.000,603837079,53311476,92246,48452,21,3,0,23,13788184,164,1003.44,19.44,0.033,
2023/10/12,16:55:57.000,603837266,53312024,98374,54580,23,3,0,227,17169122,139,1003.41,19.44,0.033,
2023/10/12,16:56:27.000,603837441,53312212,101467,57673,24,3,0,38,17169122,184,1003.38,19.45,0.033,
2023/10/12,16:56:57.000,603836922,53311936,92693,48899,21,3,0,15,17169122,154,1003.38,19.44,0.033,
2023/10/12,16:57:27.000,603837038,53312175,94550,50756,23,3,0,54,17169122,156,1003.37,19.45,0.033,
2023/10/12,16:57:57.000,603837064,53312159,94998,51204,23,3,0,25,17169122,156,1003.36,19.45,0.033,
2023/10/12,16:58:27.000,603837120,53312023,93717,49924,22,3,0,18,17169122,135,1003.31,19.44,0.033,
2023/10/12,16:58:57.000,603837258,53312139,94040,50246,24,3,0,25,17169122,153,1003.38,19.45,0.033,
2023/10/12,16:59:27.000,603837136,53312041,92088,48294,22,3,0,48,17169122,166,1003.37,19.44,0.033,
2023/10/12,16:59:57.000,603837007,53312472,92635,48841,22,3,0,43,17169122,158,1003.32,19.44,0.033,
2023/10/12,17:00:27.000,603837379,53312682,96115,52322,21,3,0,24,17169122,174,1003.32,19.43,0.033,
2023/10/12,17:00:57.000,603837962,53313005,102406,58613,22,3,0,29,17169122,141,1003.37,19.43,0.033,
2023/10/12,17:01:27.000,603837930,53313255,104069,60276,24,3,0,34,17169122,164,1003.42,19.43,0.033,
2023/10/12,17:01:57.000,603837761,53312461,100808,57014,22,3,0,65,17169122,176,1003.42,19.43,0.033,
