gps_Date,gps_Time,gps_Lat,gps_Long,gps_Alt,gps_AltMSL,gps_SIV,gps_FixType,gps_CarrierSolution,gps_GroundSpeed,gps_Heading,gps_pDOP,pressure_hPa,pressure_degC,output_Hz,
2023/10/07,16:02:27.000,603836290,53313631,77379,33585,19,3,0,61,12889026,174,1016.99,19.0,0.033,
2023/10/07,16:02:57.000,603836058,53314523,80668,36874,18,3,0,11,12889026,196,1017.13,18.99,0.033,
2023/10/07,16:03:27.000,603836015,53314356,82662,38868,20,3,0,30,12889026,124,1017.04,18.98,0.033,
2023/10/07,16:03:57.000,603836135,53314199,84151,40357,21,3,0,76,12889026,121,1017.05,18.98,0.033,
2023/10/07,16:04:27.000,603836271,53314531,83672,39878,20,3,0,12,12889026,159,1017.02,18.98,0.033,
2023/10/07,16:04:57.000,603836256,53314381,81356,37562,21,3,0,17,12889026,130,1017.04,18.99,0.033,
2023/10/07,16:05:27.000,603836209,53314119,79548,35755,20,3,0,30,12889026,123,1017.03,19.0,0.033,
2023/10/07,16:05:57.000,603836248,53313888,80089,36296,20,3,0,26,12889026,126,1017.04,19.01,0.033,
2023/10/07,16:06:27.000,603836327,53313981,81291,37497,19,3,0,27,12889026,154,1017.06,19.0,0.033,
2023/10/07,16:06:57.000,603836414,53313878,81000,37206,18,3,0,48,12889026,129,1017.12,18.99,0.033,
2023/10/07,16:07:27.000,603836395,53314066,78602,34809,22,3,0,15,12889026,165,1017.07,18.99,0.033,
2023/10/07,16:07:57.000,603836153,53314638,72016,28223,19,3,0,48,12889026,136,1017.05,18.98,0.033,
2023/10/07,16:08:27.000,603835681,53314932,68989,25196,19,3,0,7,12889026,138,1017.16,18.97,0.033,
2023/10/07,16:08:57.000,603835557,53315294,72815,29022,21,3,0,39,12889026,243,1017.10,18.96,0.033,
2023/10/07,16:09:27.000,603835806,53315542,75932,32139,17,3,0,58,12889026,187,1017.06,18.96,0.033,
2023/10/07,16:09:57.000,603835892,53315125,72772,28979,20,3,0,66,12889026,307,1017.17,18.94,0.033,
2023/10/07,16:10:27.000,603835700,53315288,70238,26445,16,3,0,66,12889026,338,1017.13,18.93,0.033,
2023/10/07,16:10:57.000,603835536,53315499,65199,21405,17,3,0,25,12889026,270,1017.09,18.95,0.033,
2023/10/07,16:11:27.000,603835313,53315665,64569,20776,17,3,0,14,12889026,260,1017.04,18.93,0.033,
2023/10/07,16:11:57.000,603835287,53314667,69128,25334,18,3,0,31,12889026,247,1017.18,18.92,0.033,
2023/10/07,16:12:27.000,603835651,53315438,69632,25839,14,3,0,46,12889026,302,1017.11,18.89,0.033,
2023/10/07,16:12:57.000,603835667,53315551,68494,24700,20,3,0,28,12889026,255,1017.11,18.88,0.033,
2023/10/07,16:13:27.000,603835639,53314909,69907,26114,17,3,0,82,12889026,162,1017.12,18.89,0.033,
2023/10/07,16:13:57.000,603835614,53313633,67628,23835,19,3,0,111,12889026,129,1017.19,18.90,0.033,
2023/10/07,16:14:27.000,603835384,53313595,64742,20948,19,3,0,42,12889026,182,1017.04,18.90,0.033,
2023/10/07,16:14:57.000,603835224,53313603,68207,24413,18,3,0,25,12889026,191,1017.19,18.92,0.033,
2023/10/07,16:15:27.000,603835497,53313593,75425,31631,19,3,0,25,12889026,133,1017.07,18.93,0.033,
2023/10/07,16:15:57.000,603835767,53313240,79924,36130,17,3,0,62,12889026,140,1017.17,18.92,0.033,
2023/10/07,16:16:27.000,603835946,53313447,76657,32863,17,3,0,30,12889026,174,1017.09,18.92,0.033,
2023/10/07,16:16:57.000,603835829,53313874,73244,29451,19,3,0,28,12889026,132,1017.21,18.91,0.033,
2023/10/07,16:17:27.000,603835757,53313278,76803,33009,18,3,0,89,12889026,153,1017.21,18.86,0.033,
2023/10/07,16:17:57.000,603836020,53312939,80140,36346,18,3,0,33,12889026,140,1017.29,18.87,0.033,
2023/10/07,16:18:27.000,603836095,53312944,77531,33737,18,3,0,28,12889026,150,1017.29,18.87,0.033,
2023/10/07,16:18:57.000,603835908,53313142,81561,37768,18,3,0,84,12889026,130,1017.29,18.87,0.033,
2023/10/07,16:19:27.000,603836009,53312992,86385,42591,17,3,0,9,12889026,138,1017.28,18.88,0.033,
2023/10/07,16:19:57.000,603836283,53312892,86503,42709,16,3,0,28,12889026,232,1017.31,18.88,0.033,
2023/10/07,16:20:27.000,603836361,53313014,86444,42650,18,3,0,24,12889026,157,1017.28,18.87,0.033,
2023/10/07,16:20:57.000,603836397,53313245,81061,37268,18,3,0,77,12889026,142,1017.35,18.86,0.033,
2023/10/07,16:21:27.000,603836158,53312782,76589,32796,14,3,0,40,12889026,161,1017.28,18.86,0.033,
2023/10/07,16:21:57.000,603835787,53312382,82611,38817,17,3,0,8,12889026,196,1017.35,18.87,0.033,
2023/10/07,16:22:27.000,603836086,53312383,79935,36141,15,3,0,14,12889026,270,1017.30,18.86,0.033,
2023/10/07,16:22:57.000,603836161,53312219,80179,36386,15,3,0,27,12889026,169,1017.36,18.88,0.033,
2023/10/07,16:23:27.000,603836317,53312672,81168,37374,19,3,0,33,12889026,208,1017.29,18.85,0.033,
2023/10/07,16:23:57.000,603836412,53311848,73680,29886,18,3,0,25,12889026,150,1017.34,18.84,0.033,
2023/10/07,16:24:27.000,603836100,53311919,71360,27567,16,3,0,28,12889026,149,1017.37,18.85,0.033,
2023/10/07,16:24:57.000,603835882,53312913,78165,34371,14,3,0,77,12889026,182,1017.20,18.86,0.033,
2023/10/07,16:25:27.000,603836169,53313039,81383,37590,15,3,0,95,12889026,226,1017.36,18.87,0.033,
2023/10/07,16:25:57.000,603836368,53313011,84377,40584,17,3,0,32,12889026,201,1017.35,18.86,0.033,
2023/10/07,16:26:27.000,603836420,53312755,83977,40183,16,3,0,44,12889026,173,1017.37,18.84,0.033,
2023/10/07,16:26:57.000,603836364,53312127,78568,34774,14,3,0,8,12889026,187,1017.40,18.84,0.033,
2023/10/07,16:27:27.000,603836103,53311404,70818,27024,16,3,0,106,12889026,179,1017.43,18.84,0.033,
2023/10/07,16:27:57.000,603835808,53311489,73671,29877,16,3,0,35,12889026,169,1017.38,18.82,0.033,
2023/10/07,16:28:27.000,603835960,53312044,78853,35060,13,3,0,23,12889026,188,1017.44,18.81,0.033,
2023/10/07,16:28:57.000,603836147,53311905,77886,34092,15,3,0,92,12889026,156,1017.42,18.82,0.033,
2023/10/07,16:29:27.000,603836218,53311871,75834,32040,15,3,0,54,12889026,360,1017.52,18.83,0.033,
2023/10/07,16:29:57.000,603836113,53311751,71899,28105,17,3,0,43,12889026,164,1017.42,18.83,0.033,
2023/10/07,16:30:27.000,603835823,53311444,64669,20875,17,3,0,85,12889026,164,1017.49,18.85,0.033,
2023/10/07,16:30:57.000,603835472,53311746,68241,24447,15,3,0,37,12889026,172,1017.43,18.84,0.033,
2023/10/07,16:31:27.000,603835720,53311721,66676,22882,16,3,0,44,12889026,152,1017.40,18.84,0.033,
2023/10/07,16:31:57.000,603835784,53311902,70026,26232,14,3,0,14,12889026,189,1017.48,18.83,0.033,
2023/10/07,16:32:27.000,603835798,53311928,70439,26645,16,3,0,81,12889026,262,1017.45,18.83,0.033,
2023/10/07,16:32:57.000,603835764,53311625,61123,17329,15,3,0,42,12889026,470,1017.43,18.82,0.033,
2023/10/07,16:33:27.000,603835202,53311823,50911,7117,15,3,0,32,12889026,246,1017.50,18.81,0.033,
2023/10/07,16:33:57.000,603834691,53312063,50435,6641,16,3,0,4,12889026,253,1017.47,18.81,0.033,
2023/10/07,16:34:27.000,603834797,53312124,57497,13703,15,3,0,25,12889026,255,1017.42,18.81,0.033,
2023/10/07,16:34:57.000,603835295,53312311,59155,15361,16,3,0,52,12889026,369,1017.45,18.80,0.033,
2023/10/07,16:35:27.000,603835394,53312208,57854,14060,16,3,0,39,12889026,508,1017.44,18.79,0.033,
2023/10/07,16:35:57.000,603835327,53311348,48740,4946,17,3,0,31,12889026,263,1017.56,18.80,0.033,
2023/10/07,16:36:27.000,603834883,53311047,48787,4993,17,3,0,12,12889026,166,1017.56,18.80,0.033,
2023/10/07,16:36:57.000,603834816,53311201,58674,14880,16,3,0,19,12889026,154,1017.56,18.79,0.033,
2023/10/07,16:37:27.000,603835211,53311599,66782,22988,17,3,0,52,12889026,141,1017.51,18.78,0.033,
2023/10/07,16:37:57.000,603835501,53311788,73962,30168,16,3,0,25,12889026,169,1017.59,18.78,0.033,
2023/10/07,16:38:27.000,603835781,53311739,76128,32334,14,3,0,56,12889026,165,1017.56,18.77,0.033,
2023/10/07,16:38:57.000,603835789,53311458,77605,33811,17,3,0,50,12889026,153,1017.49,18.77,0.033,
2023/10/07,16:39:27.000,603835774,53311205,74629,30835,14,3,0,13,12889026,179,1017.59,18.78,0.033,
2023/10/07,16:39:57.000,603835718,53311103,78362,34568,14,3,0,38,12889026,475,1017.61,18.76,0.033,
2023/10/07,16:40:27.000,603835770,53310898,80736,36942,16,3,0,174,9293836,160,1017.65,18.76,0.033,
2023/10/07,16:40:57.000,603835987,53311046,81851,38057,13,3,0,16,9685386,178,1017.59,18.76,0.033,
2023/10/07,16:41:27.000,603836070,53311163,84290,40496,16,3,0,78,9685386,226,1017.58,18.76,0.033,
2023/10/07,16:41:57.000,603836152,53311361,83641,39847,13,3,0,36,9685386,191,1017.62,18.76,0.033,
2023/10/07,16:42:27.000,603836199,53311206,83296,39502,13,3,0,7,9685386,179,1017.64,18.75,0.033,
2023/10/07,16:42:57.000,603836356,53311521,88976,45183,12,3,0,65,9891930,189,1017.62,18.74,0.033,
2023/10/07,16:43:27.000,603836594,53311805,89926,46132,14,3,0,12,9891930,281,1017.67,18.71,0.033,
2023/10/07,16:43:57.000,603836627,53311399,94010,50216,17,3,0,6,9891930,137,1017.63,18.73,0.033,
2023/10/07,16:44:27.000,603836851,53311781,92090,48296,15,3,0,24,9891930,164,1017.76,18.72,0.033,
2023/10/07,16:44:57.000,603836914,53311899,89493,45699,13,3,0,25,9891930,277,1017.64,18.72,0.033,
2023/10/07,16:45:27.000,603836825,53311699,90044,46250,15,3,0,62,9891930,165,1017.64,18.74,0.033,
2023/10/07,16:45:57.000,603836850,53311634,87833,44039,16,3,0,92,9891930,173,1017.72,18.74,0.033,
2023/10/07,16:46:27.000,603836775,53311678,88593,44800,16,3,0,69,9891930,155,1017.72,18.74,0.033,
2023/10/07,16:46:57.000,603836773,53311435,88185,44391,14,3,0,21,9891930,279,1017.64,18.74,0.033,
2023/10/07,16:47:27.000,603836825,53311429,86655,42861,14,3,0,63,9891930,316,1017.70,18.75,0.033,
2023/10/07,16:47:57.000,603836683,53311316,85850,42056,16,3,0,15,9891930,143,1017.69,18.73,0.033,
2023/10/07,16:48:27.000,603836616,53311364,84186,40392,15,3,0,23,9891930,250,1017.71,18.74,0.033,
2023/10/07,16:48:57.000,603836497,53311430,84238,40444,14,3,0,10,9891930,232,1017.72,18.74,0.033,
2023/10/07,16:49:27.000,603836504,53311361,85895,42101,16,3,0,31,9891930,160,1017.75,18.75,0.033,
2023/10/07,16:49:57.000,603836642,53311240,89071,45277,14,3,0,34,9891930,231,1017.70,18.75,0.033,
2023/10/07,16:50:27.000,603836805,53311138,89000,45206,14,3,0,14,9891930,171,1017.75,18.75,0.033,
2023/10/07,16:50:57.000,603836809,53310960,90504,46710,14,3,0,18,9891930,167,1017.72,18.76,0.033,
2023/10/07,16:51:27.000,603836909,53310906,90464,46670,15,3,0,37,9891930,157,1017.71,18.74,0.033,
2023/10/07,16:51:57.000,603836950,53310948,89156,45362,12,3,0,41,9891930,175,1017.82,18.74,0.033,
2023/10/07,16:52:27.000,603836973,53311048,84982,41188,16,3,0,81,9891930,154,1017.78,18.75,0.033,
2023/10/07,16:52:57.000,603836893,53311536,82436,38642,18,3,0,73,9891930,149,1017.83,18.74,0.033,
2023/10/07,16:53:27.000,603836778,53311257,81961,38167,17,3,0,31,9891930,176,1017.87,18.73,0.033,
2023/10/07,16:53:57.000,603836659,53311056,82865,39071,15,3,0,18,9891930,255,1017.81,18.73,0.033,
2023/10/07,16:54:27.000,603836681,53311657,80939,37145,17,3,0,112,9891930,159,1017.86,18.72,0.033,
2023/10/07,16:54:57.000,603836452,53311354,82271,38477,18,3,0,86,9891930,130,1017.83,18.71,0.033,
2023/10/07,16:55:27.000,603836431,53311407,81781,37987,16,3,0,64,9891930,375,1017.87,18.70,0.033,
2023/10/07,16:55:57.000,603836519,53311184,84768,40974,17,3,0,26,9891930,147,1017.91,18.68,0.033,
2023/10/07,16:56:27.000,603836543,53310959,91200,47406,13,3,0,74,9891930,177,1017.86,18.69,0.033,
2023/10/07,16:56:57.000,603836782,53310608,94730,50937,16,3,0,122,9891930,151,1017.89,18.71,0.033,
2023/10/07,16:57:27.000,603836968,53310912,98826,55032,18,3,0,23,9891930,164,1017.91,18.71,0.033,
2023/10/07,16:57:57.000,603837336,53311191,97981,54187,16,3,0,41,9891930,214,1017.89,18.71,0.033,
2023/10/07,16:58:27.000,603837285,53311214,101256,57462,17,3,0,68,9891930,248,1017.95,18.71,0.033,
2023/10/07,16:58:57.000,603837459,53311624,94942,51148,19,3,0,45,9891930,151,1017.92,18.71,0.033,
2023/10/07,16:59:27.000,603837347,53311789,97312,53518,15,3,0,98,9316422,322,1017.95,18.71,0.033,
2023/10/07,16:59:57.000,603837425,53312434,97743,53949,17,3,0,54,9316422,229,1017.91,18.72,0.033,
2023/10/07,17:00:27.000,603837326,53312121,98396,54602,16,3,0,50,9316422,181,1017.90,18.72,0.033,
2023/10/07,17:00:57.000,603837462,53311978,98304,54510,17,3,0,71,9316422,227,1017.92,18.73,0.033,
2023/10/07,17:01:27.000,603837460,53311932,101747,57953,16,3,0,23,9316422,238,1017.95,18.70,0.033,
2023/10/07,17:01:57.000,603837621,53312086,106920,63126,17,3,0,53,9316422,235,1017.94,18.69,0.033,
2023/10/07,17:02:27.000,603837733,53311797,112312,68518,16,3,0,52,9316422,210,1017.97,18.70,0.033,
