gps_Date,gps_Time,gps_Lat,gps_Long,gps_Alt,gps_AltMSL,gps_SIV,gps_FixType,gps_CarrierSolution,gps_GroundSpeed,gps_Heading,gps_pDOP,pressure_hPa,pressure_degC,output_Hz,
2023/10/09,09:23:27.000,603836130,53315336,80625,36831,15,3,0,133,35527164,183,1014.43,18.63,0.033,
2023/10/09,09:23:57.000,603836161,53313948,81242,37448,17,3,0,5,35527164,148,1014.47,18.63,0.033,
2023/10/09,09:24:27.000,603836112,53312758,82433,38639,16,3,0,20,35527164,151,1014.58,18.63,0.033,
2023/10/09,09:24:57.000,603836021,53312180,81541,37747,17,3,0,20,35527164,141,1014.56,18.63,0.033,
2023/10/09,09:25:27.000,603835918,53312132,79661,35867,17,3,0,9,35527164,140,1014.65,18.63,0.033,
2023/10/09,09:25:57.000,603836051,53312088,83381,39587,17,3,0,49,35527164,157,1014.60,18.62,0.033,
2023/10/09,09:26:27.000,603836244,53312087,86483,42689,16,3,0,41,35527164,163,1014.52,18.61,0.033,
2023/10/09,09:26:57.000,603836281,53312885,84395,40601,15,3,0,28,35527164,163,1014.58,18.62,0.033,
2023/10/09,09:27:27.000,603836259,53313600,81880,38086,14,3,0,37,35527164,150,1014.50,18.64,0.033,
2023/10/09,09:27:57.000,603836095,53313949,79913,36119,17,3,0,31,35527164,139,1014.52,18.63,0.033,
2023/10/09,09:28:27.000,603836057,53314282,79403,35609,20,3,0,61,35527164,139,1014.47,18.62,0.033,
2023/10/09,09:28:57.000,603836053,53314583,78386,34593,19,3,0,29,35527164,125,1014.51,18.62,0.033,
2023/10/09,09:29:27.000,603836084,53314231,79017,35223,16,3,0,42,35527164,136,1014.53,18.61,0.033,
2023/10/09,09:29:57.000,603836217,53313315,79621,35828,19,3,0,15,35527164,127,1014.55,18.61,0.033,
2023/10/09,09:30:27.000,603836195,53313235,81203,37409,18,3,0,62,35527164,129,1014.46,18.62,0.033,
2023/10/09,09:30:57.000,603836150,53313390,80593,36799,17,3,0,48,35527164,143,1014.41,18.63,0.033,
2023/10/09,09:31:27.000,603836180,53313250,81398,37604,18,3,0,33,35527164,146,1014.37,18.63,0.033,
2023/10/09,09:31:57.000,603836257,53313667,82813,39020,19,3,0,28,35527164,137,1014.31,18.64,0.033,
2023/10/09,09:32:27.000,603836411,53312955,86827,43033,18,3,0,8,35527164,135,1014.47,18.64,0.033,
2023/10/09,09:32:57.000,603836393,53313035,87479,43685,17,3,0,20,35527164,143,1014.36,18.66,0.033,
2023/10/09,09:33:27.000,603836435,53312245,88892,45098,18,3,0,19,35527164,126,1014.30,18.67,0.033,
2023/10/09,09:33:57.000,603836523,53311355,88137,44343,19,3,0,25,35527164,128,1014.38,18.68,0.033,
2023/10/09,09:34:27.000,603836512,53311106,86539,42745,17,3,0,24,35527164,151,1014.29,18.70,0.033,
2023/10/09,09:34:57.000,603836432,53311481,84125,40331,15,3,0,7,35527164,168,1014.33,18.71,0.033,
2023/10/09,09:35:27.000,603836446,53312283,82703,38909,17,3,0,28,35527164,166,1014.30,18.72,0.033,
2023/10/09,09:35:57.000,603836510,53312637,82392,38598,15,3,0,9,35527164,166,1014.31,18.72,0.033,
2023/10/09,09:36:27.000,603836508,53312863,82659,38865,18,3,0,32,35527164,126,1014.25,18.73,0.033,
2023/10/09,09:36:57.000,603836435,53312781,84362,40568,18,3,0,43,35527164,119,1014.23,18.74,0.033,
2023/10/09,09:37:27.000,603836324,53313099,85784,41990,17,3,0,6,35527164,132,1014.24,18.74,0.033,
2023/10/09,09:37:57.000,603836310,53313261,88229,44435,18,3,0,18,35527164,122,1014.36,18.74,0.033,
2023/10/09,09:38:27.000,603836269,53313325,90411,46617,15,3,0,40,35527164,176,1014.28,18.74,0.033,
2023/10/09,09:38:57.000,603836183,53313669,90875,47081,17,3,0,14,35527164,161,1014.28,18.76,0.033,
2023/10/09,09:39:27.000,603836188,53314101,90563,46770,15,3,0,55,35527164,135,1014.24,18.77,0.033,
2023/10/09,09:39:57.000,603836154,53314390,88988,45194,19,3,0,15,35527164,130,1014.19,18.76,0.033,
2023/10/09,09:40:27.000,603836209,53314097,87613,43820,19,3,0,26,35527164,122,1014.23,18.77,0.033,
2023/10/09,09:40:57.000,603836225,53313998,86317,42523,18,3,0,6,35527164,163,1014.16,18.78,0.033,
2023/10/09,09:41:27.000,603836223,53313649,85428,41635,15,3,0,17,35527164,168,1014.29,18.78,0.033,
2023/10/09,09:41:57.000,603836191,53313317,84514,40720,19,3,0,18,35527164,157,1014.31,18.77,0.033,
2023/10/09,09:42:27.000,603836150,53313364,83682,39889,16,3,0,22,35527164,156,1014.14,18.78,0.033,
2023/10/09,09:42:57.000,603836015,53313919,83684,39890,18,3,0,25,35527164,160,1014.15,18.78,0.033,
2023/10/09,09:43:27.000,603835957,53314269,84103,40309,16,3,0,14,35527164,161,1014.09,18.79,0.033,
2023/10/09,09:43:57.000,603835943,53314516,83683,39889,15,3,0,28,35527164,181,1013.99,18.81,0.033,
2023/10/09,09:44:27.000,603836012,53314258,84624,40831,17,3,0,13,35527164,152,1014.01,18.83,0.033,
2023/10/09,09:44:57.000,603836054,53314010,85301,41507,17,3,0,24,35527164,178,1014.05,18.84,0.033,
2023/10/09,09:45:27.000,603836032,53314083,86599,42805,17,3,0,46,35527164,129,1013.95,18.85,0.033,
2023/10/09,09:45:57.000,603836102,53313629,87390,43596,17,3,0,35,35527164,125,1013.92,18.86,0.033,
2023/10/09,09:46:27.000,603836170,53313298,87044,43250,17,3,0,27,35527164,137,1013.95,18.87,0.033,
2023/10/09,09:46:57.000,603836162,53313461,86112,42318,18,3,0,9,35527164,130,1013.95,18.89,0.033,
2023/10/09,09:47:27.000,603836053,53313703,83715,39921,18,3,0,10,35527164,127,1013.87,18.89,0.033,
2023/10/09,09:47:57.000,603835987,53313812,83334,39540,15,3,0,8,35527164,140,1013.81,18.90,0.033,
2023/10/09,09:48:27.000,603836035,53313759,83165,39371,15,3,0,15,35527164,164,1013.78,18.91,0.033,
2023/10/09,09:48:57.000,603835966,53314084,83453,39659,16,3,0,13,35527164,128,1013.85,18.92,0.033,
2023/10/09,09:49:27.000,603835919,53314309,82881,39088,16,3,0,8,35527164,180,1013.95,18.91,0.033,
2023/10/09,09:49:57.000,603835991,53313775,83717,39923,16,3,0,20,35527164,200,1013.97,18.92,0.033,
2023/10/09,09:50:27.000,603835958,53313293,84620,40827,16,3,0,44,35527164,196,1014.11,18.91,0.033,
2023/10/09,09:50:57.000,603836050,53313067,84677,40884,16,3,0,28,35527164,154,1014.11,18.92,0.033,
2023/10/09,09:51:27.000,603836112,53312972,85307,41513,15,3,0,29,35527164,174,1014.29,18.89,0.033,
2023/10/09,09:51:57.000,603836261,53312696,86192,42398,16,3,0,11,35527164,166,1014.37,18.88,0.033,
2023/10/09,09:52:27.000,603836159,53313187,83403,39609,17,3,0,18,35527164,161,1014.34,18.87,0.033,
2023/10/09,09:52:57.000,603836186,53313413,82490,38696,17,3,0,11,35527164,151,1014.32,18.86,0.033,
2023/10/09,09:53:27.000,603836247,53312776,83153,39360,16,3,0,23,35527164,179,1014.35,18.86,0.033,
2023/10/09,09:53:57.000,603836183,53312946,83179,39385,15,3,0,39,35527164,205,1014.38,18.85,0.033,
2023/10/09,09:54:27.000,603836232,53312736,85179,41385,16,3,0,11,35527164,163,1014.29,18.84,0.033,
2023/10/09,09:54:57.000,603836270,53312202,86554,42760,15,3,0,27,35527164,161,1014.40,18.85,0.033,
2023/10/09,09:55:27.000,603836307,53312190,89224,45430,15,3,0,34,35527164,161,1014.47,18.85,0.033,
2023/10/09,09:55:57.000,603836184,53312422,88049,44255,15,3,0,16,35527164,170,1014.39,18.83,0.033,
2023/10/09,09:56:27.000,603836183,53312392,86875,43082,15,3,0,41,35527164,164,1014.38,18.84,0.033,
2023/10/09,09:56:57.000,603836133,53312326,84962,41168,14,3,0,9,35527164,170,1014.46,18.83,0.033,
2023/10/09,09:57:27.000,603836053,53312531,84546,40753,16,3,0,44,35527164,147,1014.43,18.83,0.033,
2023/10/09,09:57:57.000,603836081,53312503,85065,41271,15,3,0,24,35527164,158,1014.39,18.85,0.033,
2023/10/09,09:58:27.000,603836292,53312662,88276,44482,15,3,0,31,35527164,158,1014.19,18.85,0.033,
2023/10/09,09:58:57.000,603836264,53313069,89676,45882,14,3,0,13,35527164,168,1014.20,18.86,0.033,
2023/10/09,09:59:27.000,603836188,53313081,89368,45574,15,3,0,58,35527164,181,1014.23,18.87,0.033,
2023/10/09,09:59:57.000,603836278,53311775,93641,49847,13,3,0,3,35527164,172,1014.25,18.87,0.033,
2023/10/09,10:00:27.000,603836238,53311842,92877,49083,15,3,0,88,35527164,150,1014.22,18.89,0.033,
2023/10/09,10:00:57.000,603836074,53312202,89666,45872,15,3,0,13,35527164,185,1014.19,18.89,0.033,
2023/10/09,10:01:27.000,603835961,53312338,87098,43305,14,3,0,13,35527164,217,1014.36,18.89,0.033,
2023/10/09,10:01:57.000,603835954,53312196,88691,44897,15,3,0,22,35527164,187,1014.26,18.87,0.033,
2023/10/09,10:02:27.000,603835913,53312427,86954,43160,13,3,0,81,35527164,164,1014.40,18.88,0.033,
2023/10/09,10:02:57.000,603835851,53312760,84618,40824,13,3,0,0,35527164,213,1014.32,18.88,0.033,
2023/10/09,10:03:27.000,603835958,53312450,84671,40877,13,3,0,20,35527164,164,1014.19,18.88,0.033,
2023/10/09,10:03:57.000,603836083,53312384,87680,43886,15,3,0,21,35527164,193,1014.22,18.89,0.033,
2023/10/09,10:04:27.000,603836148,53312002,90886,47092,14,3,0,31,35527164,147,1014.11,18.90,0.033,
2023/10/09,10:04:57.000,603836266,53311580,91685,47891,14,3,0,108,35527164,157,1014.08,18.90,0.033,
2023/10/09,10:05:27.000,603836349,53311822,91498,47704,13,3,0,4,35527164,171,1014.10,18.91,0.033,
2023/10/09,10:05:57.000,603836251,53311891,89173,45380,15,3,0,7,35527164,186,1014.11,18.92,0.033,
2023/10/09,10:06:27.000,603836198,53311848,87797,44003,16,3,0,23,35527164,141,1014.08,18.93,0.033,
2023/10/09,10:06:57.000,603836031,53312165,85408,41614,13,3,0,6,35527164,183,1014.05,18.95,0.033,
2023/10/09,10:07:27.000,603836077,53311846,85823,42030,15,3,0,28,35527164,204,1014.09,18.97,0.033,
2023/10/09,10:07:57.000,603836130,53311675,87412,43618,16,3,0,17,35527164,180,1014.06,18.98,0.033,
2023/10/09,10:08:27.000,603836168,53311738,86802,43009,15,3,0,52,35527164,139,1014.09,18.99,0.033,
2023/10/09,10:08:57.000,603836209,53311772,89087,45294,13,3,0,17,35527164,160,1014.16,19.0,0.033,
2023/10/09,10:09:27.000,603836163,53311790,90769,46975,14,3,0,29,35527164,149,1014.19,19.0,0.033,
2023/10/09,10:09:57.000,603836211,53311742,91409,47615,15,3,0,90,35527164,138,1014.35,19.0,0.033,
2023/10/09,10:10:27.000,603836138,53311639,95702,51908,15,3,0,29,35527164,141,1014.20,19.0,0.033,
2023/10/09,10:10:57.000,603836315,53311254,97377,53583,14,3,0,69,35527164,195,1014.19,19.01,0.033,
2023/10/09,10:11:27.000,603836337,53311418,96779,52985,13,3,0,68,35527164,148,1014.16,19.03,0.033,
2023/10/09,10:11:57.000,603836277,53312080,96181,52387,14,3,0,66,35527164,178,1014.06,19.04,0.033,
2023/10/09,10:12:27.000,603836138,53312394,98875,55081,13,3,0,12,35527164,185,1014.19,19.05,0.033,
2023/10/09,10:12:57.000,603836073,53312307,98642,54848,14,3,0,29,35527164,177,1014.06,19.07,0.033,
2023/10/09,10:13:27.000,603836059,53312201,94861,51068,14,3,0,45,35527164,148,1014.00,19.08,0.033,
2023/10/09,10:13:57.000,603836163,53312084,95941,52147,14,3,0,55,35527164,144,1014.15,19.08,0.033,
2023/10/09,10:14:27.000,603836105,53312220,94446,50652,14,3,0,91,7370524,175,1014.22,19.09,0.033,
2023/10/09,10:14:57.000,603836028,53312679,94398,50604,14,3,0,14,7370524,195,1014.34,19.09,0.033,
2023/10/09,10:15:27.000,603836175,53312122,93507,49713,13,3,0,125,7370524,209,1014.24,19.11,0.033,
2023/10/09,10:15:57.000,603836299,53312304,91643,47850,14,3,0,176,7370524,193,1014.25,19.11,0.033,
2023/10/09,10:16:27.000,603836381,53311515,94166,50372,13,3,0,102,7370524,177,1014.24,19.12,0.033,
2023/10/09,10:16:57.000,603836369,53312104,90415,46621,13,3,0,66,7370524,177,1014.25,19.13,0.033,
2023/10/09,10:17:27.000,603836325,53311986,94294,50500,14,3,0,119,7370524,143,1014.22,19.15,0.033,
2023/10/09,10:17:57.000,603836140,53310874,99391,55597,13,3,0,68,7370524,177,1014.27,19.17,0.033,
2023/10/09,10:18:27.000,603836108,53311475,94786,50992,14,3,0,54,7370524,174,1014.09,19.19,0.033,
2023/10/09,10:18:57.000,603836048,53311560,91368,47574,13,3,0,46,7370524,198,1014.01,19.20,0.033,
2023/10/09,10:19:27.000,603835981,53311677,93768,49974,14,3,0,8,7370524,203,1013.90,19.23,0.033,
2023/10/09,10:19:57.000,603836149,53311722,97181,53387,13,3,0,40,7370524,191,1013.83,19.24,0.033,
2023/10/09,10:20:27.000,603836304,53312130,93696,49902,14,3,0,17,7370524,196,1013.96,19.25,0.033,
2023/10/09,10:20:57.000,603836444,53311800,88466,44672,14,3,0,35,7370524,173,1013.93,19.24,0.033,
2023/10/09,10:21:27.000,603836294,53311674,90160,46366,13,3,0,53,7370524,176,1014.08,19.24,0.033,
2023/10/09,10:21:57.000,603836245,53311929,82610,38816,15,3,0,25,7370524,165,1014.12,19.25,0.033,
2023/10/09,10:22:27.000,603836155,53312331,80502,36708,14,3,0,112,7370524,201,1014.26,19.24,0.033,
2023/10/09,10:22:57.000,603836150,53312769,81647,37854,15,3,0,39,7370524,176,1014.35,19.23,0.033,
2023/10/09,10:23:27.000,603836335,53312817,82678,38884,15,3,0,90,7370524,197,1014.22,19.23,0.033,
