gps_Date,gps_Time,gps_Lat,gps_Long,gps_Alt,gps_AltMSL,gps_SIV,gps_FixType,gps_CarrierSolution,gps_GroundSpeed,gps_Heading,gps_pDOP,pressure_hPa,pressure_degC,output_Hz,
2023/10/12,21:04:27.000,603836518,53313407,76310,32516,16,3,0,19,26931654,152,1001.13,19.26,0.033,
2023/10/12,21:04:57.000,603836523,53314107,78827,35033,18,3,0,105,26931654,130,1001.10,19.26,0.033,
2023/10/12,21:05:27.000,603836398,53314555,79962,36168,20,3,0,34,26931654,159,1001.10,19.25,0.033,
2023/10/12,21:05:57.000,603836760,53314446,88265,44471,19,3,0,24,26931654,150,1001.08,19.25,0.033,
2023/10/12,21:06:27.000,603836951,53314583,91155,47361,15,3,0,118,26931654,130,1001.12,19.26,0.033,
2023/10/12,21:06:57.000,603837048,53314131,88719,44925,20,3,0,41,26931654,138,1001.13,19.26,0.033,
2023/10/12,21:07:27.000,603836963,53313420,81581,37787,19,3,0,29,26931654,163,1001.10,19.25,0.033,
2023/10/12,21:07:57.000,603836864,53312749,78079,34285,17,3,0,24,26931654,144,1001.12,19.25,0.033,
2023/10/12,21:08:27.000,603836735,53312701,75148,31354,19,3,0,133,26931654,155,1001.13,19.25,0.033,
2023/10/12,21:08:57.000,603836996,53312653,80617,36823,16,3,0,24,26931654,176,1001.21,19.24,0.033,
2023/10/12,21:09:27.000,603837404,53312256,86224,42430,17,3,0,38,26931654,142,1001.15,19.24,0.033,
2023/10/12,21:09:57.000,603837152,53312571,83853,40059,18,3,0,42,26931654,130,1001.14,19.24,0.033,
2023/10/12,21:10:27.000,603837018,53313482,83473,39679,20,3,0,37,26931654,166,1001.16,19.23,0.033,
2023/10/12,21:10:57.000,603837627,53313729,92372,48578,19,3,0,86,26931654,138,1001.21,19.24,0.033,
2023/10/12,21:11:27.000,603837574,53314192,92284,48490,20,3,0,58,26931654,164,1001.18,19.24,0.033,
2023/10/12,21:11:57.000,603837490,53313996,93757,49963,18,3,0,21,26931654,133,1001.11,19.23,0.033,
2023/10/12,21:12:27.000,603837083,53314302,97954,54161,19,3,0,34,26931654,136,1001.16,19.25,0.033,
2023/10/12,21:12:57.000,603836780,53313827,97770,53977,20,3,0,97,26931654,128,1001.09,19.25,0.033,
2023/10/12,21:13:27.000,603836546,53312943,90973,47179,16,3,0,44,26931654,146,1001.10,19.24,0.033,
2023/10/12,21:13:57.000,603836248,53313337,82449,38655,17,3,0,98,26931654,170,1001.10,19.25,0.033,
2023/10/12,21:14:27.000,603836238,53313391,77876,34082,19,3,0,29,26931654,140,1001.07,19.25,0.033,
2023/10/12,21:14:57.000,603836449,53313845,77615,33821,19,3,0,32,26931654,145,1001.05,19.24,0.033,
2023/10/12,21:15:27.000,603836668,53314196,81357,37563,18,3,0,32,26931654,156,1001.02,19.24,0.033,
2023/10/12,21:15:57.000,603836698,53314760,81816,38022,17,3,0,45,26931654,180,1001.00,19.25,0.033,
2023/10/12,21:16:27.000,603836511,53314721,78044,34250,16,3,0,76,26931654,142,1001.03,19.26,0.033,
2023/10/12,21:16:57.000,603836509,53314459,77782,33988,18,3,0,51,26931654,126,1001.04,19.25,0.033,
2023/10/12,21:17:27.000,603836788,53314412,84373,40579,18,3,0,59,26931654,137,1000.96,19.25,0.033,
2023/10/12,21:17:57.000,603836771,53314556,89663,45869,18,3,0,90,26931654,140,1000.96,19.25,0.033,
2023/10/12,21:18:27.000,603837083,53314233,98737,54943,18,3,0,38,26931654,123,1000.97,19.25,0.033,
2023/10/12,21:18:57.000,603837120,53314536,99947,56154,19,3,0,98,26931654,147,1000.96,19.25,0.033,
2023/10/12,21:19:27.000,603836794,53315166,95245,51451,17,3,0,62,26931654,169,1000.87,19.25,0.033,
2023/10/12,21:19:57.000,603836339,53314620,84952,41158,16,3,0,28,26931654,139,1000.83,19.25,0.033,
2023/10/12,21:20:27.000,603836203,53314327,80803,37010,17,3,0,37,26931654,150,1000.83,19.24,0.033,
2023/10/12,21:20:57.000,603836500,53314401,85651,41858,15,3,0,38,26931654,135,1000.85,19.24,0.033,
2023/10/12,21:21:27.000,603836973,53313463,90213,46419,18,3,0,50,26931654,135,1000.85,19.24,0.033,
2023/10/12,21:21:57.000,603837295,53313079,92825,49031,19,3,0,17,26931654,143,1000.83,19.25,0.033,
2023/10/12,21:22:27.000,603837432,53312879,94768,50975,19,3,0,35,26931654,131,1000.90,19.24,0.033,
2023/10/12,21:22:57.000,603837599,53312613,97289,53496,18,3,0,9,26931654,174,1000.81,19.25,0.033,
2023/10/12,21:23:27.000,603837390,53312312,93013,49219,17,3,0,58,26931654,134,1000.92,19.24,0.033,
2023/10/12,21:23:57.000,603837114,53312349,89224,45430,17,3,0,28,26931654,124,1000.92,19.24,0.033,
2023/10/12,21:24:27.000,603836696,53312430,84213,40419,17,3,0,1,26931654,149,1000.96,19.25,0.033,
2023/10/12,21:24:57.000,603836600,53312405,85785,41992,16,3,0,30,26931654,138,1000.96,19.25,0.033,
2023/10/12,21:25:27.000,603836507,53312983,85596,41802,18,3,0,48,26931654,137,1000.92,19.25,0.033,
2023/10/12,21:25:57.000,603836548,53313213,86175,42381,19,3,0,16,26931654,164,1000.94,19.25,0.033,
2023/10/12,21:26:27.000,603836803,53313742,87936,44142,16,3,0,17,26931654,146,1000.92,19.24,0.033,
2023/10/12,21:26:57.000,603836904,53313854,88596,44802,17,3,0,12,26931654,135,1000.94,19.25,0.033,
2023/10/12,21:27:27.000,603837127,53313702,91478,47684,17,3,0,15,26931654,119,1000.94,19.24,0.033,
2023/10/12,21:27:57.000,603837103,53313190,89645,45851,20,3,0,27,26931654,127,1000.93,19.25,0.033,
2023/10/12,21:28:27.000,603837131,53313010,90012,46219,19,3,0,34,26931654,124,1000.87,19.25,0.033,
2023/10/12,21:28:57.000,603837185,53313233,92048,48254,18,3,0,53,26931654,112,1000.93,19.25,0.033,
2023/10/12,21:29:27.000,603837337,53313580,96333,52539,21,3,0,58,26931654,114,1000.89,19.25,0.033,
2023/10/12,21:29:57.000,603837545,53313782,98710,54917,22,3,0,39,26931654,115,1000.98,19.25,0.033,
2023/10/12,21:30:27.000,603837657,53313824,101150,57357,19,3,0,33,26931654,112,1000.98,19.25,0.033,
2023/10/12,21:30:57.000,603837590,53313456,97915,54122,21,3,0,21,26931654,164,1001.03,19.25,0.033,
2023/10/12,21:31:27.000,603837094,53313669,94432,50638,16,3,0,9,26931654,124,1000.96,19.26,0.033,
2023/10/12,21:31:57.000,603836778,53314027,91002,47208,18,3,0,6,26931654,143,1000.98,19.26,0.033,
2023/10/12,21:32:27.000,603837171,53313369,95074,51280,17,3,0,31,26931654,142,1001.00,19.26,0.033,
2023/10/12,21:32:57.000,603837489,53313524,96984,53190,17,3,0,18,26931654,108,1000.99,19.26,0.033,
2023/10/12,21:33:27.000,603837591,53313667,97322,53528,18,3,0,25,26931654,113,1001.01,19.26,0.033,
2023/10/12,21:33:57.000,603836715,53313764,86038,42244,17,3,0,31,26931654,111,1000.99,19.25,0.033,
2023/10/12,21:34:27.000,603836178,53313565,79132,35338,19,3,0,64,26931654,122,1000.98,19.25,0.033,
2023/10/12,21:34:57.000,603836364,53313246,88249,44455,18,3,0,24,26931654,132,1000.95,19.25,0.033,
2023/10/12,21:35:27.000,603836350,53313790,88407,44613,17,3,0,76,26931654,120,1001.06,19.25,0.033,
2023/10/12,21:35:57.000,603836439,53313993,88009,44216,20,3,0,87,26931654,119,1001.02,19.26,0.033,
2023/10/12,21:36:27.000,603836907,53313925,93564,49770,19,3,0,55,26931654,126,1000.94,19.25,0.033,
2023/10/12,21:36:57.000,603836747,53313871,88064,44270,19,3,0,49,26931654,151,1001.07,19.26,0.033,
2023/10/12,21:37:27.000,603836203,53314459,80204,36411,19,3,0,33,26931654,169,1001.01,19.27,0.033,
2023/10/12,21:37:57.000,603835699,53315100,72694,28900,16,3,0,116,26931654,160,1000.94,19.27,0.033,
2023/10/12,21:38:27.000,603835380,53314741,65666,21873,17,3,0,13,26931654,240,1000.91,19.26,0.033,
2023/10/12,21:38:57.000,603835199,53314094,60410,16617,20,3,0,65,26931654,186,1000.92,19.25,0.033,
2023/10/12,21:39:27.000,603835581,53314046,64960,21166,19,3,0,56,26931654,138,1000.87,19.26,0.033,
2023/10/12,21:39:57.000,603836027,53313891,73065,29271,20,3,0,86,26931654,139,1000.88,19.25,0.033,
2023/10/12,21:40:27.000,603836168,53313968,77211,33417,17,3,0,114,26931654,136,1000.83,19.25,0.033,
2023/10/12,21:40:57.000,603836376,53313879,81428,37634,18,3,0,30,26931654,113,1000.85,19.25,0.033,
2023/10/12,21:41:27.000,603836100,53314527,79535,35742,20,3,0,12,26931654,116,1000.79,19.26,0.033,
2023/10/12,21:41:57.000,603836183,53313907,78703,34910,20,3,0,34,26931654,117,1000.76,19.26,0.033,
2023/10/12,21:42:27.000,603836060,53313214,73357,29563,20,3,0,48,26931654,128,1000.77,19.27,0.033,
2023/10/12,21:42:57.000,603835900,53312751,69720,25926,20,3,0,52,26931654,108,1000.75,19.26,0.033,
2023/10/12,21:43:27.000,603836256,53312006,74670,30876,21,3,0,5,26931654,128,1000.74,19.27,0.033,
2023/10/12,21:43:57.000,603836640,53311806,79766,35972,19,3,0,13,26931654,124,1000.74,19.27,0.033,
2023/10/12,21:44:27.000,603836959,53311724,85659,41865,20,3,0,161,26931654,130,1000.72,19.26,0.033,
2023/10/12,21:44:57.000,603837060,53311549,88071,44277,18,3,0,62,26931654,110,1000.77,19.27,0.033,
2023/10/12,21:45:27.000,603837026,53312521,87239,43445,20,3,0,49,26931654,143,1000.66,19.27,0.033,
2023/10/12,21:45:57.000,603837000,53313045,86510,42716,17,3,0,38,26931654,129,1000.72,19.27,0.033,
2023/10/12,21:46:27.000,603836934,53313976,83577,39783,20,3,0,61,26931654,151,1000.64,19.27,0.033,
2023/10/12,21:46:57.000,603836764,53313914,80818,37024,18,3,0,54,26931654,127,1000.70,19.27,0.033,
2023/10/12,21:47:27.000,603836427,53313601,74587,30793,20,3,0,16,26931654,128,1000.64,19.28,0.033,
2023/10/12,21:47:57.000,603836530,53313448,77836,34042,18,3,0,38,26931654,111,1000.66,19.29,0.033,
2023/10/12,21:48:27.000,603836513,53312711,80456,36663,19,3,0,42,26931654,133,1000.58,19.28,0.033,
2023/10/12,21:48:57.000,603836583,53312197,82500,38706,19,3,0,35,26931654,208,1000.56,19.28,0.033,
2023/10/12,21:49:27.000,603836429,53311702,80107,36313,18,3,0,65,26931654,136,1000.60,19.28,0.033,
2023/10/12,21:49:57.000,603836216,53311807,78218,34424,18,3,0,59,26931654,182,1000.59,19.28,0.033,
2023/10/12,21:50:27.000,603836374,53311551,80661,36868,18,3,0,11,26931654,208,1000.55,19.29,0.033,
2023/10/12,21:50:57.000,603836063,53311924,74670,30876,18,3,0,37,26931654,143,1000.54,19.29,0.033,
2023/10/12,21:51:27.000,603836052,53312340,72779,28985,19,3,0,25,26931654,234,1000.54,19.30,0.033,
2023/10/12,21:51:57.000,603836146,53312883,75293,31499,15,3,0,51,26931654,252,1000.58,19.30,0.033,
2023/10/12,21:52:27.000,603836092,53313680,76916,33122,17,3,0,125,26931654,338,1000.64,19.30,0.033,
2023/10/12,21:52:57.000,603835557,53314326,68932,25138,15,3,0,64,26931654,226,1000.59,19.30,0.033,
2023/10/12,21:53:27.000,603835875,53314678,73836,30043,17,3,0,41,26931654,252,1000.54,19.30,0.033,
2023/10/12,21:53:57.000,603836165,53314714,79904,36110,19,3,0,97,26931654,240,1000.59,19.29,0.033,
2023/10/12,21:54:27.000,603835706,53314431,76075,32281,15,3,0,64,26931654,218,1000.54,19.29,0.033,
2023/10/12,21:54:57.000,603836387,53313952,81446,37653,17,3,0,36,26931654,218,1000.50,19.28,0.033,
2023/10/12,21:55:27.000,603836968,53313841,86673,42879,17,3,0,60,26931654,221,1000.48,19.29,0.033,
2023/10/12,21:55:57.000,603837315,53314120,90670,46876,16,3,0,70,26931654,202,1000.58,19.28,0.033,
2023/10/12,21:56:27.000,603837813,53313144,96941,53147,17,3,0,76,26931654,263,1000.51,19.28,0.033,
2023/10/12,21:56:57.000,603838112,53312448,102380,58586,18,3,0,15,26931654,220,1000.37,19.28,0.033,
2023/10/12,21:57:27.000,603837950,53312587,103053,59260,17,3,0,40,26931654,177,1000.48,19.28,0.033,
2023/10/12,21:57:57.000,603838029,53312193,102328,58534,18,3,0,37,26931654,220,1000.50,19.27,0.033,
2023/10/12,21:58:27.000,603837660,53311945,97570,53776,16,3,0,8,26931654,232,1000.52,19.28,0.033,
2023/10/12,21:58:57.000,603837271,53311944,92826,49032,16,3,0,19,26931654,222,1000.40,19.28,0.033,
2023/10/12,21:59:27.000,603837069,53312628,92821,49027,17,3,0,23,26931654,178,1000.42,19.29,0.033,
2023/10/12,21:59:57.000,603836792,53313089,89891,46098,18,3,0,82,26931654,175,1000.43,19.29,0.033,
2023/10/12,22:00:27.000,603836657,53312941,88604,44810,17,3,0,215,26931654,222,1000.41,19.29,0.033,
2023/10/12,22:00:57.000,603836330,53312954,89802,46008,17,3,0,162,26931654,191,1000.46,19.28,0.033,
2023/10/12,22:01:27.000,603835568,53312938,80481,36687,16,3,0,14,26931654,191,1000.42,19.28,0.033,
2023/10/12,22:01:57.000,603836216,53313338,88433,44639,16,3,0,12,26931654,343,1000.38,19.28,0.033,
2023/10/12,22:02:27.000,603836299,53313582,90198,46404,16,3,0,142,26931654,180,1000.46,19.28,0.033,
2023/10/12,22:02:57.000,603836834,53312456,97733,53939,16,3,0,11,26931654,238,1000.40,19.27,0.033,
2023/10/12,22:03:27.000,603837126,53312007,99131,55337,15,3,0,81,26931654,229,1000.40,19.27,0.033,
2023/10/12,22:03:57.000,603836979,53312840,95535,51741,17,3,0,66,26931654,176,1000.37,19.27,0.033,
2023/10/12,22:04:27.000,603836578,53312306,88638,44844,17,3,0,58,26931654,187,1000.44,19.27,0.033,
