gps_Date,gps_Time,gps_Lat,gps_Long,gps_Alt,gps_AltMSL,gps_SIV,gps_FixType,gps_CarrierSolution,gps_GroundSpeed,gps_Heading,gps_pDOP,pressure_hPa,pressure_degC,output_Hz,
2023/10/13,09:10:27.000,603836442,53312709,86426,42633,18,3,0,9,14571744,173,987.64,19.53,0.033,
2023/10/13,09:10:57.000,603836531,53312687,86088,42294,18,3,0,8,14571744,169,987.68,19.53,0.033,
2023/10/13,09:11:27.000,603836504,53312549,87121,43327,21,3,0,20,14571744,112,987.61,19.54,0.033,
2023/10/13,09:11:57.000,603836501,53312672,84005,40211,22,3,0,12,14571744,113,987.61,19.54,0.033,
2023/10/13,09:12:27.000,603836514,53312968,81610,37817,23,3,0,22,14571744,108,987.61,19.52,0.033,
2023/10/13,09:12:57.000,603836497,53313328,79882,36089,21,3,0,11,14571744,133,987.55,19.51,0.033,
2023/10/13,09:13:27.000,603836436,53313440,79784,35990,21,3,0,8,14571744,108,987.50,19.52,0.033,
2023/10/13,09:13:57.000,603836547,53312716,80917,37123,23,3,0,18,14571744,128,987.62,19.52,0.033,
2023/10/13,09:14:27.000,603836469,53312007,81335,37541,23,3,0,30,14571744,132,987.55,19.52,0.033,
2023/10/13,09:14:57.000,603836531,53312032,82551,38757,24,3,0,33,14571744,171,987.50,19.52,0.033,
2023/10/13,09:15:27.000,603836565,53312110,86083,42289,24,3,0,48,14571744,108,987.53,19.52,0.033,
2023/10/13,09:15:57.000,603836516,53311966,87517,43723,23,3,0,37,14571744,107,987.43,19.53,0.033,
2023/10/13,09:16:27.000,603836547,53312320,89072,45278,24,3,0,24,14571744,132,987.59,19.54,0.033,
2023/10/13,09:16:57.000,603836370,53312914,91136,47342,25,3,0,4,14571744,165,987.49,19.53,0.033,
2023/10/13,09:17:27.000,603836368,53313454,90485,46691,23,3,0,38,14571744,136,987.44,19.53,0.033,
2023/10/13,09:17:57.000,603836293,53313728,87370,43576,24,3,0,60,14571744,131,987.41,19.53,0.033,
2023/10/13,09:18:27.000,603836410,53313286,85461,41667,24,3,0,48,14571744,152,987.44,19.54,0.033,
2023/10/13,09:18:57.000,603836413,53313397,83373,39579,23,3,0,39,14571744,166,987.37,19.54,0.033,
2023/10/13,09:19:27.000,603836435,53313444,82299,38505,20,3,0,24,14571744,127,987.38,19.55,0.033,
2023/10/13,09:19:57.000,603836434,53313685,81677,37883,25,3,0,41,14571744,123,987.43,19.55,0.033,
2023/10/13,09:20:27.000,603836515,53313509,81301,37507,23,3,0,18,14571744,134,987.50,19.55,0.033,
2023/10/13,09:20:57.000,603836476,53313610,82693,38899,23,3,0,20,14571744,125,987.48,19.55,0.033,
2023/10/13,09:21:27.000,603836523,53313320,85633,41839,24,3,0,31,14571744,125,987.48,19.56,0.033,
2023/10/13,09:21:57.000,603836574,53313294,88506,44712,24,3,0,124,14571744,127,987.38,19.57,0.033,
2023/10/13,09:22:27.000,603836584,53313248,91925,48132,23,3,0,15,14571744,177,987.38,19.58,0.033,
2023/10/13,09:22:57.000,603836373,53313492,93123,49329,21,3,0,59,14571744,133,987.43,19.57,0.033,
2023/10/13,09:23:27.000,603836370,53313230,94797,51003,22,3,0,23,14571744,160,987.40,19.58,0.033,
2023/10/13,09:23:57.000,603836587,53313483,95499,51705,22,3,0,33,14571744,148,987.39,19.59,0.033,
2023/10/13,09:24:27.000,603836658,53313879,93440,49646,22,3,0,17,14571744,175,987.37,19.57,0.033,
2023/10/13,09:24:57.000,603836474,53314181,90593,46799,23,3,0,37,14571744,209,987.46,19.58,0.033,
2023/10/13,09:25:27.000,603836190,53314344,87136,43342,21,3,0,86,14571744,145,987.43,19.57,0.033,
2023/10/13,09:25:57.000,603835994,53314236,83749,39955,24,3,0,15,14571744,176,987.41,19.56,0.033,
2023/10/13,09:26:27.000,603835893,53313991,80273,36479,21,3,0,36,14571744,173,987.24,19.56,0.033,
2023/10/13,09:26:57.000,603836059,53314366,80785,36991,19,3,0,10,14571744,232,987.11,19.58,0.033,
2023/10/13,09:27:27.000,603836171,53314401,80459,36665,20,3,0,41,14571744,215,987.29,19.58,0.033,
2023/10/13,09:27:57.000,603836264,53314621,82509,38715,17,3,0,39,14571744,155,987.39,19.58,0.033,
2023/10/13,09:28:27.000,603836286,53314428,85357,41563,22,3,0,15,14571744,141,987.30,19.58,0.033,
2023/10/13,09:28:57.000,603836501,53313652,89214,45420,23,3,0,21,14571744,173,987.29,19.56,0.033,
2023/10/13,09:29:27.000,603836432,53313289,88119,44326,23,3,0,19,14571744,152,987.41,19.56,0.033,
2023/10/13,09:29:57.000,603836384,53313230,87536,43742,18,3,0,2,14571744,146,987.40,19.56,0.033,
2023/10/13,09:30:27.000,603836416,53313472,88700,44906,21,3,0,42,14571744,172,987.43,19.56,0.033,
2023/10/13,09:30:57.000,603836657,53313356,92441,48647,22,3,0,96,14571744,163,987.42,19.56,0.033,
2023/10/13,09:31:27.000,603836602,53313413,92492,48698,22,3,0,80,14571744,154,987.39,19.56,0.033,
2023/10/13,09:31:57.000,603836444,53313682,88631,44837,24,3,0,51,14571744,167,987.39,19.56,0.033,
2023/10/13,09:32:27.000,603836200,53313993,85018,41224,24,3,0,35,14571744,192,987.43,19.55,0.033,
2023/10/13,09:32:57.000,603836417,53313013,85729,41935,23,3,0,29,14571744,133,987.36,19.56,0.033,
2023/10/13,09:33:27.000,603836587,53312444,88600,44806,25,3,0,2,14571744,129,987.41,19.56,0.033,
2023/10/13,09:33:57.000,603836662,53312113,91816,48022,25,3,0,37,14571744,129,987.40,19.56,0.033,
2023/10/13,09:34:27.000,603836608,53312103,91824,48030,24,3,0,32,14571744,129,987.50,19.56,0.033,
2023/10/13,09:34:57.000,603836341,53312020,87590,43796,25,3,0,11,14571744,146,987.46,19.56,0.033,
2023/10/13,09:35:27.000,603836253,53311832,85386,41592,24,3,0,32,14571744,205,987.42,19.56,0.033,
2023/10/13,09:35:57.000,603836455,53311546,85536,41742,22,3,0,52,14571744,174,987.47,19.56,0.033,
2023/10/13,09:36:27.000,603836737,53311453,87859,44066,23,3,0,44,14571744,175,987.46,19.56,0.033,
2023/10/13,09:36:57.000,603836667,53311656,86571,42777,23,3,0,15,14571744,131,987.36,19.57,0.033,
2023/10/13,09:37:27.000,603836684,53311624,86984,43190,23,3,0,8,14571744,141,987.40,19.57,0.033,
2023/10/13,09:37:57.000,603836624,53311663,88790,44996,22,3,0,12,14571744,140,987.40,19.57,0.033,
2023/10/13,09:38:27.000,603836629,53311754,89421,45627,21,3,0,24,14571744,166,987.38,19.57,0.033,
2023/10/13,09:38:57.000,603836610,53311779,87835,44041,18,3,0,18,14571744,128,987.40,19.56,0.033,
2023/10/13,09:39:27.000,603836537,53311732,86224,42430,23,3,0,18,14571744,150,987.35,19.57,0.033,
2023/10/13,09:39:57.000,603836516,53312025,89017,45223,20,3,0,17,14571744,131,987.34,19.59,0.033,
2023/10/13,09:40:27.000,603836688,53312036,93695,49901,23,3,0,20,14571744,126,987.33,19.60,0.033,
2023/10/13,09:40:57.000,603836665,53311972,95391,51597,22,3,0,11,14571744,137,987.24,19.60,0.033,
2023/10/13,09:41:27.000,603836627,53311950,95609,51816,23,3,0,21,14571744,132,987.32,19.61,0.033,
2023/10/13,09:41:57.000,603836480,53311884,93858,50065,23,3,0,45,14571744,131,987.20,19.61,0.033,
2023/10/13,09:42:27.000,603836309,53311894,92166,48372,23,3,0,38,14571744,139,987.24,19.61,0.033,
2023/10/13,09:42:57.000,603836414,53312011,95802,52008,19,3,0,30,14571744,140,987.02,19.61,0.033,
2023/10/13,09:43:27.000,603836420,53312230,97752,53958,22,3,0,31,14571744,159,987.01,19.62,0.033,
2023/10/13,09:43:57.000,603836421,53312383,100002,56208,18,3,0,29,14571744,137,986.94,19.63,0.033,
2023/10/13,09:44:27.000,603836469,53312272,99663,55869,19,3,0,21,14571744,140,987.09,19.64,0.033,
2023/10/13,09:44:57.000,603836280,53312212,95799,52005,18,3,0,22,14571744,261,986.85,19.64,0.033,
2023/10/13,09:45:27.000,603836103,53312215,93052,49258,17,3,0,52,14571744,149,986.94,19.65,0.033,
2023/10/13,09:45:57.000,603836092,53312163,94622,50828,20,3,0,38,14571744,137,986.96,19.64,0.033,
2023/10/13,09:46:27.000,603836312,53312104,100501,56708,19,3,0,18,14571744,123,987.02,19.63,0.033,
2023/10/13,09:46:57.000,603836504,53312041,102794,59000,21,3,0,9,14571744,144,986.98,19.62,0.033,
2023/10/13,09:47:27.000,603836622,53312106,101767,57973,18,3,0,16,14571744,131,987.03,19.62,0.033,
2023/10/13,09:47:57.000,603836660,53312027,101627,57833,20,3,0,40,14571744,148,986.92,19.64,0.033,
2023/10/13,09:48:27.000,603836595,53311935,102542,58748,17,3,0,36,14571744,138,986.66,19.64,0.033,
2023/10/13,09:48:57.000,603836447,53311713,100361,56567,18,3,0,30,14571744,141,986.78,19.64,0.033,
2023/10/13,09:49:27.000,603836470,53311694,103308,59514,21,3,0,36,14571744,122,986.81,19.64,0.033,
2023/10/13,09:49:57.000,603836539,53312102,103531,59737,23,3,0,46,14571744,117,986.71,19.65,0.033,
2023/10/13,09:50:27.000,603836621,53312321,105066,61272,23,3,0,14,14571744,150,986.83,19.65,0.033,
2023/10/13,09:50:57.000,603836784,53312270,106775,62981,20,3,0,16,14571744,135,986.82,19.68,0.033,
2023/10/13,09:51:27.000,603836887,53312141,107359,63565,20,3,0,24,14571744,137,986.75,19.69,0.033,
2023/10/13,09:51:57.000,603836767,53312136,108265,64471,20,3,0,51,14571744,131,986.83,19.70,0.033,
2023/10/13,09:52:27.000,603836551,53311867,102543,58749,22,3,0,28,14571744,125,986.61,19.72,0.033,
2023/10/13,09:52:57.000,603836559,53311846,100873,57079,21,3,0,5,14571744,117,986.28,19.74,0.033,
2023/10/13,09:53:27.000,603836648,53311875,102341,58547,23,3,0,18,14571744,122,986.21,19.77,0.033,
2023/10/13,09:53:57.000,603836657,53311863,102868,59074,22,3,0,40,14571744,144,986.13,19.80,0.033,
2023/10/13,09:54:27.000,603836630,53311937,101628,57834,22,3,0,25,14571744,115,986.16,19.82,0.033,
2023/10/13,09:54:57.000,603836543,53312004,100211,56417,23,3,0,16,14571744,124,986.28,19.81,0.033,
2023/10/13,09:55:27.000,603836602,53312012,103014,59220,22,3,0,15,14571744,130,986.42,19.81,0.033,
2023/10/13,09:55:57.000,603836584,53312110,101909,58115,20,3,0,37,14571744,154,986.43,19.80,0.033,
2023/10/13,09:56:27.000,603836584,53312457,102871,59077,20,3,0,21,14571744,134,986.37,19.80,0.033,
2023/10/13,09:56:57.000,603836585,53312641,102554,58760,20,3,0,23,14571744,111,986.38,19.84,0.033,
2023/10/13,09:57:27.000,603836620,53312543,100095,56301,22,3,0,26,14571744,134,986.40,19.86,0.033,
2023/10/13,09:57:57.000,603836687,53312512,101243,57449,19,3,0,47,14571744,146,986.32,19.87,0.033,
2023/10/13,09:58:27.000,603836778,53312512,103021,59227,21,3,0,90,14571744,178,986.37,19.93,0.033,
2023/10/13,09:58:57.000,603836751,53312747,102350,58556,18,3,0,35,14571744,177,986.31,19.94,0.033,
2023/10/13,09:59:27.000,603836814,53312816,105534,61741,20,3,0,21,14571744,129,986.30,19.95,0.033,
2023/10/13,09:59:57.000,603836832,53312797,104818,61024,19,3,0,19,14571744,288,986.32,19.98,0.033,
2023/10/13,10:00:27.000,603836801,53312256,102041,58247,18,3,0,29,14571744,131,986.18,20.03,0.033,
2023/10/13,10:00:57.000,603836726,53311947,100138,56344,20,3,0,12,14571744,187,986.19,20.06,0.033,
2023/10/13,10:01:27.000,603836640,53311766,100078,56284,20,3,0,37,14571744,143,986.39,20.09,0.033,
2023/10/13,10:01:57.000,603836584,53311759,100101,56307,19,3,0,11,14571744,170,986.35,20.09,0.033,
2023/10/13,10:02:27.000,603836538,53312073,99908,56114,20,3,0,56,14571744,170,986.34,20.09,0.033,
2023/10/13,10:02:57.000,603836364,53312073,93894,50100,19,3,0,26,14571744,126,986.40,20.11,0.033,
2023/10/13,10:03:27.000,603836430,53311884,95071,51277,19,3,0,86,14571744,207,986.33,20.14,0.033,
2023/10/13,10:03:57.000,603836536,53312007,98553,54759,18,3,0,33,14571744,225,986.32,20.14,0.033,
2023/10/13,10:04:27.000,603836657,53312218,102757,58963,19,3,0,17,14571744,142,986.28,20.14,0.033,
2023/10/13,10:04:57.000,603836628,53312193,101976,58182,17,3,0,15,14571744,140,986.43,20.14,0.033,
2023/10/13,10:05:27.000,603836506,53312279,99764,55970,19,3,0,22,14571744,143,986.42,20.16,0.033,
2023/10/13,10:05:57.000,603836454,53312342,99553,55759,21,3,0,53,14571744,143,986.38,20.16,0.033,
2023/10/13,10:06:27.000,603836308,53312696,94119,50325,20,3,0,27,14571744,155,986.38,20.15,0.033,
2023/10/13,10:06:57.000,603836295,53312872,91392,47598,19,3,0,46,14571744,142,986.41,20.13,0.033,
2023/10/13,10:07:27.000,603836349,53313015,90148,46354,20,3,0,20,14571744,140,986.42,20.12,0.033,
2023/10/13,10:07:57.000,603836476,53313211,90742,46948,18,3,0,65,14571744,143,986.28,20.14,0.033,
2023/10/13,10:08:27.000,603836538,53313299,91116,47322,20,3,0,19,14571744,163,986.26,20.21,0.033,
2023/10/13,10:08:57.000,603836608,53313343,95166,51372,21,3,0,15,14571744,173,986.34,20.22,0.033,
2023/10/13,10:09:27.000,603836340,53313424,89436,45642,20,3,0,33,14571744,177,986.22,20.21,0.033,
2023/10/13,10:09:57.000,603836449,53313219,93510,49716,17,3,0,32,14571744,131,986.21,20.21,0.033,
2023/10/13,10:10:27.000,603836586,53312867,96528,52734,21,3,0,91,14571744,124,986.22,20.21,0.033,
