gps_Date,gps_Time,gps_Lat,gps_Long,gps_Alt,gps_AltMSL,gps_SIV,gps_FixType,gps_CarrierSolution,gps_GroundSpeed,gps_Heading,gps_pDOP,pressure_hPa,pressure_degC,output_Hz,
2023/10/14,03:19:57.000,603836676,53313129,90772,46979,24,3,0,14,10132218,155,975.01,19.54,0.033,
2023/10/14,03:20:27.000,603836658,53312861,90216,46422,23,3,0,30,10132218,113,975.08,19.55,0.033,
2023/10/14,03:20:57.000,603836474,53312819,87546,43752,25,3,0,12,10132218,108,974.99,19.55,0.033,
2023/10/14,03:21:27.000,603836348,53312925,83353,39559,26,3,0,19,10132218,128,974.87,19.55,0.033,
2023/10/14,03:21:57.000,603836361,53313355,83034,39240,23,3,0,10,10132218,133,974.92,19.56,0.033,
2023/10/14,03:22:27.000,603836524,53313955,84521,40728,23,3,0,11,10132218,155,974.90,19.56,0.033,
2023/10/14,03:22:57.000,603836651,53313641,85531,41737,24,3,0,66,10132218,123,974.85,19.56,0.033,
2023/10/14,03:23:27.000,603836541,53313672,84854,41061,21,3,0,41,10132218,167,974.90,19.54,0.033,
2023/10/14,03:23:57.000,603836389,53314123,83089,39295,21,3,0,21,10132218,161,974.89,19.54,0.033,
2023/10/14,03:24:27.000,603836387,53313603,82585,38792,22,3,0,7,10132218,109,974.90,19.54,0.033,
2023/10/14,03:24:57.000,603836350,53313242,81945,38151,23,3,0,19,10132218,153,974.86,19.54,0.033,
2023/10/14,03:25:27.000,603836320,53313161,81239,37445,24,3,0,27,10132218,112,974.88,19.54,0.033,
2023/10/14,03:25:57.000,603836195,53313097,76297,32504,24,3,0,10,10132218,105,974.94,19.55,0.033,
2023/10/14,03:26:27.000,603836191,53312829,74900,31106,23,3,0,29,10132218,158,974.89,19.54,0.033,
2023/10/14,03:26:57.000,603836330,53313060,76795,33001,23,3,0,3,10132218,114,974.86,19.55,0.033,
2023/10/14,03:27:27.000,603836493,53312974,79895,36101,22,3,0,22,10132218,168,974.86,19.55,0.033,
2023/10/14,03:27:57.000,603836653,53312379,82987,39194,23,3,0,49,10132218,150,974.84,19.56,0.033,
2023/10/14,03:28:27.000,603836689,53312229,84513,40719,25,3,0,5,10132218,110,974.89,19.56,0.033,
2023/10/14,03:28:57.000,603836681,53312893,80923,37129,23,3,0,18,10132218,108,974.83,19.55,0.033,
2023/10/14,03:29:27.000,603836522,53313177,76896,33103,21,3,0,22,10132218,178,974.89,19.55,0.033,
2023/10/14,03:29:57.000,603836461,53313242,76969,33175,22,3,0,29,10132218,127,974.99,19.54,0.033,
2023/10/14,03:30:27.000,603836455,53313074,77419,33625,22,3,0,24,10132218,138,974.89,19.56,0.033,
2023/10/14,03:30:57.000,603836588,53313071,79253,35459,21,3,0,7,10132218,148,974.82,19.55,0.033,
2023/10/14,03:31:27.000,603836689,53312642,81771,37977,22,3,0,30,10132218,109,974.86,19.54,0.033,
2023/10/14,03:31:57.000,603836542,53312526,81991,38197,21,3,0,14,10132218,171,974.79,19.53,0.033,
2023/10/14,03:32:27.000,603836414,53313309,79238,35444,18,3,0,20,10132218,169,974.86,19.55,0.033,
2023/10/14,03:32:57.000,603836341,53313603,77613,33819,18,3,0,32,10132218,185,974.81,19.54,0.033,
2023/10/14,03:33:27.000,603836463,53313615,77230,33436,19,3,0,16,10132218,169,974.82,19.54,0.033,
2023/10/14,03:33:57.000,603836449,53313751,78687,34893,19,3,0,25,10132218,166,974.86,19.54,0.033,
2023/10/14,03:34:27.000,603836523,53313377,81852,38058,20,3,0,18,10132218,150,974.66,19.54,0.033,
2023/10/14,03:34:57.000,603836522,53313172,81889,38096,20,3,0,27,10132218,151,974.76,19.54,0.033,
2023/10/14,03:35:27.000,603836426,53313153,79992,36198,20,3,0,17,10132218,146,974.75,19.53,0.033,
2023/10/14,03:35:57.000,603836265,53312613,78266,34473,21,3,0,20,10132218,145,974.76,19.54,0.033,
2023/10/14,03:36:27.000,603836314,53312306,80486,36692,19,3,0,29,10132218,163,974.74,19.53,0.033,
2023/10/14,03:36:57.000,603836381,53312243,82412,38618,18,3,0,13,10132218,162,974.79,19.53,0.033,
2023/10/14,03:37:27.000,603836590,53312029,86202,42409,21,3,0,8,10132218,146,974.70,19.54,0.033,
2023/10/14,03:37:57.000,603836638,53311970,88271,44477,19,3,0,10,10132218,155,974.72,19.53,0.033,
2023/10/14,03:38:27.000,603836592,53312018,86664,42870,19,3,0,59,10132218,173,974.76,19.53,0.033,
2023/10/14,03:38:57.000,603836367,53312710,81524,37730,21,3,0,30,10132218,170,974.84,19.53,0.033,
2023/10/14,03:39:27.000,603836538,53311940,83601,39807,21,3,0,47,10132218,142,974.73,19.54,0.033,
2023/10/14,03:39:57.000,603836712,53311925,85063,41269,17,3,0,35,10132218,170,974.66,19.52,0.033,
2023/10/14,03:40:27.000,603836637,53312272,82685,38891,19,3,0,3,10132218,142,974.75,19.53,0.033,
2023/10/14,03:40:57.000,603836604,53312208,82907,39113,17,3,0,19,10132218,150,974.82,19.51,0.033,
2023/10/14,03:41:27.000,603836498,53312127,82018,38224,19,3,0,24,10132218,166,974.77,19.53,0.033,
2023/10/14,03:41:57.000,603836419,53311535,84918,41124,20,3,0,49,10132218,143,974.84,19.53,0.033,
2023/10/14,03:42:27.000,603836383,53311170,85750,41956,21,3,0,16,10132218,137,974.85,19.52,0.033,
2023/10/14,03:42:57.000,603836510,53311317,86219,42425,19,3,0,16,10132218,144,974.85,19.53,0.033,
2023/10/14,03:43:27.000,603836447,53311517,84469,40675,20,3,0,27,10132218,146,974.70,19.52,0.033,
2023/10/14,03:43:57.000,603836344,53312206,82508,38715,20,3,0,33,10132218,167,974.69,19.52,0.033,
2023/10/14,03:44:27.000,603836224,53312286,84165,40372,23,3,0,8,10132218,134,974.84,19.53,0.033,
2023/10/14,03:44:57.000,603836078,53312046,87145,43351,22,3,0,13,10132218,141,974.87,19.52,0.033,
2023/10/14,03:45:27.000,603836097,53311777,87245,43451,24,3,0,50,10132218,134,974.84,19.52,0.033,
2023/10/14,03:45:57.000,603836169,53313522,77450,33656,23,3,0,49,10132218,148,974.80,19.53,0.033,
2023/10/14,03:46:27.000,603836151,53314162,74679,30886,24,3,0,2,10132218,145,974.80,19.51,0.033,
2023/10/14,03:46:57.000,603836144,53313881,74135,30341,25,3,0,34,10132218,136,974.79,19.50,0.033,
2023/10/14,03:47:27.000,603836188,53313610,74914,31120,26,3,0,7,10132218,149,974.95,19.52,0.033,
2023/10/14,03:47:57.000,603836184,53313836,79031,35237,23,3,0,48,10132218,116,974.84,19.52,0.033,
2023/10/14,03:48:27.000,603836023,53314685,80642,36849,22,3,0,127,10132218,138,974.75,19.52,0.033,
2023/10/14,03:48:57.000,603835944,53315124,78248,34455,19,3,0,110,10132218,161,974.89,19.51,0.033,
2023/10/14,03:49:27.000,603836112,53314897,78538,34744,23,3,0,128,10132218,166,974.93,19.51,0.033,
2023/10/14,03:49:57.000,603836274,53314481,78987,35194,23,3,0,51,10132218,131,974.91,19.50,0.033,
2023/10/14,03:50:27.000,603836340,53314558,77716,33922,25,3,0,47,10132218,133,974.86,19.51,0.033,
2023/10/14,03:50:57.000,603836252,53314645,75333,31540,24,3,0,49,10132218,157,974.90,19.51,0.033,
2023/10/14,03:51:27.000,603836293,53314186,75550,31756,19,3,0,75,10132218,166,974.91,19.52,0.033,
2023/10/14,03:51:57.000,603836193,53314071,78181,34387,22,3,0,11,10132218,153,974.98,19.52,0.033,
2023/10/14,03:52:27.000,603836236,53314145,79386,35593,23,3,0,32,10132218,165,974.94,19.52,0.033,
2023/10/14,03:52:57.000,603836424,53313533,79221,35428,23,3,0,40,10132218,123,975.01,19.51,0.033,
2023/10/14,03:53:27.000,603836438,53314045,79401,35607,24,3,0,45,10132218,139,975.04,19.50,0.033,
2023/10/14,03:53:57.000,603836293,53314814,79344,35550,23,3,0,79,10132218,140,975.01,19.51,0.033,
2023/10/14,03:54:27.000,603836205,53314709,78976,35182,24,3,0,22,10132218,138,975.10,19.50,0.033,
2023/10/14,03:54:57.000,603836199,53314838,76994,33200,24,3,0,12,10132218,127,975.04,19.49,0.033,
2023/10/14,03:55:27.000,603836428,53314288,79046,35252,22,3,0,66,10132218,148,974.95,19.50,0.033,
2023/10/14,03:55:57.000,603836546,53314046,79614,35820,24,3,0,11,10132218,127,975.03,19.50,0.033,
2023/10/14,03:56:27.000,603836565,53313992,77627,33833,23,3,0,35,10132218,138,974.92,19.50,0.033,
2023/10/14,03:56:57.000,603836520,53313870,78649,34856,22,3,0,59,10132218,146,975.08,19.49,0.033,
2023/10/14,03:57:27.000,603836489,53313821,77407,33614,21,3,0,68,10132218,180,975.02,19.48,0.033,
2023/10/14,03:57:57.000,603836537,53313756,75194,31400,20,3,0,38,10132218,183,975.04,19.49,0.033,
2023/10/14,03:58:27.000,603836564,53313775,75154,31360,22,3,0,56,10132218,161,975.00,19.48,0.033,
2023/10/14,03:58:57.000,603836603,53313455,77528,33734,24,3,0,18,10132218,120,975.01,19.48,0.033,
2023/10/14,03:59:27.000,603836614,53313308,77917,34123,25,3,0,37,10132218,124,975.04,19.48,0.033,
2023/10/14,03:59:57.000,603836575,53313282,78320,34526,23,3,0,9,10132218,112,975.05,19.48,0.033,
2023/10/14,04:00:27.000,603836506,53313400,80927,37134,24,3,0,37,10132218,126,975.02,19.48,0.033,
2023/10/14,04:00:57.000,603836496,53313245,82875,39082,23,3,0,37,10132218,128,975.04,19.48,0.033,
2023/10/14,04:01:27.000,603836396,53313333,80300,36507,22,3,0,28,10132218,119,975.01,19.48,0.033,
2023/10/14,04:01:57.000,603836260,53314028,78423,34629,20,3,0,21,10132218,122,975.00,19.48,0.033,
2023/10/14,04:02:27.000,603836231,53314419,76578,32785,20,3,0,27,10132218,128,975.12,19.48,0.033,
2023/10/14,04:02:57.000,603836230,53314980,77088,33295,22,3,0,9,10132218,159,975.06,19.49,0.033,
2023/10/14,04:03:27.000,603836150,53315436,77703,33910,20,3,0,34,10132218,165,975.11,19.48,0.033,
2023/10/14,04:03:57.000,603836086,53315452,78319,34525,21,3,0,10,10132218,165,975.01,19.48,0.033,
2023/10/14,04:04:27.000,603836172,53315011,78497,34703,23,3,0,12,10132218,129,975.06,19.47,0.033,
2023/10/14,04:04:57.000,603836318,53314238,77647,33854,22,3,0,11,10132218,140,974.96,19.46,0.033,
2023/10/14,04:05:27.000,603836338,53314038,76632,32838,24,3,0,37,10132218,124,975.02,19.47,0.033,
2023/10/14,04:05:57.000,603836406,53313790,76094,32300,23,3,0,52,10132218,108,975.08,19.46,0.033,
2023/10/14,04:06:27.000,603836429,53313750,76488,32694,22,3,0,18,10132218,113,975.07,19.45,0.033,
2023/10/14,04:06:57.000,603836532,53313450,75415,31621,22,3,0,8,10132218,122,975.04,19.45,0.033,
2023/10/14,04:07:27.000,603836482,53313384,76597,32803,22,3,0,29,10132218,117,974.95,19.45,0.033,
2023/10/14,04:07:57.000,603836400,53313421,76184,32390,22,3,0,11,10132218,124,974.95,19.45,0.033,
2023/10/14,04:08:27.000,603836328,53313504,74471,30677,22,3,0,20,10132218,111,974.98,19.45,0.033,
2023/10/14,04:08:57.000,603836335,53313430,76150,32357,22,3,0,38,10132218,138,975.02,19.45,0.033,
2023/10/14,04:09:27.000,603836312,53313616,76624,32830,24,3,0,26,10132218,119,974.88,19.44,0.033,
2023/10/14,04:09:57.000,603836171,53313857,75263,31469,24,3,0,3,10132218,115,974.93,19.45,0.033,
2023/10/14,04:10:27.000,603836161,53314075,74696,30902,22,3,0,32,10132218,116,974.97,19.45,0.033,
2023/10/14,04:10:57.000,603836167,53314139,74738,30945,24,3,0,29,10132218,112,974.97,19.46,0.033,
2023/10/14,04:11:27.000,603836870,53313371,87475,43681,22,3,0,64,10132218,145,974.97,19.45,0.033,
2023/10/14,04:11:57.000,603837098,53313087,89860,46067,23,3,0,49,10132218,150,975.02,19.45,0.033,
2023/10/14,04:12:27.000,603837121,53312815,88886,45092,23,3,0,26,10132218,114,975.04,19.45,0.033,
2023/10/14,04:12:57.000,603837043,53312762,86919,43125,23,3,0,80,10132218,118,974.99,19.45,0.033,
2023/10/14,04:13:27.000,603836808,53312907,80987,37193,23,3,0,65,10132218,118,974.99,19.43,0.033,
2023/10/14,04:13:57.000,603836311,53313371,72411,28617,20,3,0,105,10132218,126,975.11,19.42,0.033,
2023/10/14,04:14:27.000,603836040,53314185,69360,25566,21,3,0,30,10132218,126,975.09,19.42,0.033,
2023/10/14,04:14:57.000,603835957,53314114,68644,24851,23,3,0,38,10132218,119,975.09,19.43,0.033,
2023/10/14,04:15:27.000,603836170,53313513,71689,27895,22,3,0,7,10132218,122,975.11,19.43,0.033,
2023/10/14,04:15:57.000,603836193,53311967,70355,26561,21,3,0,30,10132218,124,975.15,19.43,0.033,
2023/10/14,04:16:27.000,603836192,53311543,69810,26016,21,3,0,40,10132218,118,975.11,19.42,0.033,
2023/10/14,04:16:57.000,603836250,53311981,77312,33519,22,3,0,16,10132218,130,975.20,19.42,0.033,
2023/10/14,04:17:27.000,603836179,53312029,75895,32101,21,3,0,33,10132218,181,975.14,19.42,0.033,
2023/10/14,04:17:57.000,603836305,53312042,78267,34473,22,3,0,20,10132218,127,975.17,19.42,0.033,
2023/10/14,04:18:27.000,603836485,53312538,81157,37363,22,3,0,68,10132218,138,975.18,19.42,0.033,
2023/10/14,04:18:57.000,603836555,53313364,84022,40228,23,3,0,67,10132218,138,975.28,19.42,0.033,
2023/10/14,04:19:27.000,603836154,53314355,77805,34011,21,3,0,20,10132218,127,975.29,19.43,0.033,
2023/10/14,04:19:57.000,603835883,53314831,77622,33829,23,3,0,17,10132218,126,975.34,19.41,0.033,
