gps_Date,gps_Time,gps_Lat,gps_Long,gps_Alt,gps_AltMSL,gps_SIV,gps_FixType,gps_CarrierSolution,gps_GroundSpeed,gps_Heading,gps_pDOP,pressure_hPa,pressure_degC,output_Hz,
2023/10/07,19:03:57.000,603835850,53311965,91343,47550,20,3,0,27,9316422,115,1019.57,18.60,0.033,
2023/10/07,19:04:27.000,603835826,53312059,89251,45457,18,3,0,11,9316422,158,1019.59,18.59,0.033,
2023/10/07,19:04:57.000,603835919,53312058,87128,43334,17,3,0,48,9316422,157,1019.54,18.58,0.033,
2023/10/07,19:05:27.000,603835997,53311388,83340,39546,17,3,0,29,9316422,132,1019.64,18.58,0.033,
2023/10/07,19:05:57.000,603836023,53310985,83581,39787,18,3,0,45,9316422,167,1019.55,18.58,0.033,
2023/10/07,19:06:27.000,603835994,53311449,80489,36695,19,3,0,15,9316422,158,1019.54,18.59,0.033,
2023/10/07,19:06:57.000,603835977,53311940,78602,34808,17,3,0,13,9316422,160,1019.61,18.57,0.033,
2023/10/07,19:07:27.000,603835991,53312060,78325,34531,18,3,0,7,9316422,155,1019.61,18.57,0.033,
2023/10/07,19:07:57.000,603836158,53311813,74733,30939,18,3,0,66,9316422,125,1019.65,18.57,0.033,
2023/10/07,19:08:27.000,603836300,53311545,73483,29689,20,3,0,191,9316422,125,1019.63,18.57,0.033,
2023/10/07,19:08:57.000,603836294,53311602,72767,28973,19,3,0,54,9316422,117,1019.61,18.57,0.033,
2023/10/07,19:09:27.000,603836231,53311496,72255,28461,19,3,0,66,9316422,120,1019.67,18.57,0.033,
2023/10/07,19:09:57.000,603836324,53311246,74289,30495,19,3,0,8,9316422,124,1019.59,18.57,0.033,
2023/10/07,19:10:27.000,603836122,53311967,78503,34709,18,3,0,29,9316422,158,1019.72,18.58,0.033,
2023/10/07,19:10:57.000,603836034,53311739,76125,32332,19,3,0,19,9316422,152,1019.74,18.57,0.033,
2023/10/07,19:11:27.000,603836242,53311185,78343,34549,18,3,0,24,9316422,127,1019.67,18.57,0.033,
2023/10/07,19:11:57.000,603836324,53311225,79070,35276,18,3,0,20,9316422,116,1019.74,18.57,0.033,
2023/10/07,19:12:27.000,603836237,53311709,74931,31137,19,3,0,17,9316422,120,1019.74,18.56,0.033,
2023/10/07,19:12:57.000,603836256,53312113,74218,30424,17,3,0,68,9316422,177,1019.75,18.56,0.033,
2023/10/07,19:13:27.000,603836281,53311652,72875,29082,19,3,0,24,9316422,147,1019.80,18.55,0.033,
2023/10/07,19:13:57.000,603836224,53311407,70970,27176,18,3,0,19,9316422,152,1019.83,18.55,0.033,
2023/10/07,19:14:27.000,603836245,53311384,70874,27081,19,3,0,11,9316422,124,1019.77,18.55,0.033,
2023/10/07,19:14:57.000,603836331,53311362,72432,28638,20,3,0,11,9316422,114,1019.75,18.54,0.033,
2023/10/07,19:15:27.000,603836287,53311275,72593,28799,18,3,0,14,9316422,124,1019.90,18.54,0.033,
2023/10/07,19:15:57.000,603836290,53311341,72405,28611,19,3,0,26,9316422,125,1019.84,18.57,0.033,
2023/10/07,19:16:27.000,603836262,53311332,72412,28619,18,3,0,19,9316422,117,1019.84,18.57,0.033,
2023/10/07,19:16:57.000,603836244,53311216,71999,28205,19,3,0,28,9316422,134,1019.80,18.58,0.033,
2023/10/07,19:17:27.000,603836272,53311230,72280,28486,20,3,0,33,9316422,116,1019.85,18.58,0.033,
2023/10/07,19:17:57.000,603836138,53311321,72927,29133,20,3,0,44,9316422,163,1019.87,18.56,0.033,
2023/10/07,19:18:27.000,603836136,53311397,72413,28619,19,3,0,34,9316422,145,1019.91,18.58,0.033,
2023/10/07,19:18:57.000,603836115,53311861,65854,22060,17,3,0,11,9316422,171,1019.88,18.57,0.033,
2023/10/07,19:19:27.000,603836333,53312508,64891,21097,19,3,0,44,9316422,146,1019.92,18.54,0.033,
2023/10/07,19:19:57.000,603836326,53312386,64891,20503,19,3,0,77,9316422,142,1020.00,18.53,0.033,
2023/10/07,19:20:28.000,603836317,53312502,64297,19922,18,3,0,43,9316422,157,1019.91,18.52,0.033,
2023/10/07,19:20:57.000,603836306,53312564,63716,22444,18,3,0,27,9316422,152,1019.89,18.52,0.033,
2023/10/07,19:21:27.000,603836346,53313475,66238,23931,18,3,0,54,9316422,180,1019.92,18.51,0.033,
2023/10/07,19:21:57.000,603836362,53313606,67725,25108,16,3,0,81,9316422,190,1019.94,18.51,0.033,
2023/10/07,19:22:27.000,603836288,53314256,68902,24450,18,3,0,22,9316422,169,1019.93,18.50,0.033,
2023/10/07,19:22:57.000,603836096,53314395,68244,23798,17,3,0,15,9316422,153,1019.94,18.51,0.033,
2023/10/07,19:23:27.000,603836159,53314352,67591,23536,19,3,0,20,9316422,144,1019.95,18.50,0.033,
2023/10/07,19:23:57.000,603836282,53313756,67330,25563,19,3,0,98,9316422,147,1019.95,18.51,0.033,
2023/10/07,19:24:27.000,603836258,53313858,69356,27405,15,3,0,56,9316422,154,1019.95,18.50,0.033,
2023/10/07,19:24:57.000,603836249,53314161,71199,26255,17,3,0,42,9316422,209,1019.99,18.48,0.033,
2023/10/07,19:25:27.000,603836257,53313955,70048,25478,17,3,0,54,9316422,164,1019.96,18.49,0.033,
2023/10/07,19:25:57.000,603836173,53313737,69272,22606,18,3,0,88,9316422,154,1019.98,18.50,0.033,
2023/10/07,19:26:27.000,603836021,53313762,66400,21986,17,3,0,67,9316422,198,1020.05,18.49,0.033,
2023/10/07,19:26:57.000,603835961,53313791,65780,23842,19,3,0,49,9316422,173,1020.02,18.50,0.033,
2023/10/07,19:27:27.000,603836031,53313605,67635,26490,18,3,0,28,9316422,174,1019.96,18.50,0.033,
2023/10/07,19:27:57.000,603836116,53313682,70284,26877,18,3,0,57,9316422,173,1019.98,18.51,0.033,
2023/10/07,19:28:27.000,603836214,53313399,70671,27608,17,3,0,24,9316422,164,1020.05,18.51,0.033,
2023/10/07,19:28:57.000,603836270,53314115,71402,30196,17,3,0,12,9316422,169,1020.11,18.50,0.033,
2023/10/07,19:29:27.000,603836281,53314546,73989,28553,18,3,0,58,9316422,156,1019.95,18.50,0.033,
2023/10/07,19:29:57.000,603836304,53314112,72346,32688,16,3,0,38,9316422,173,1019.95,18.49,0.033,
2023/10/07,19:30:27.000,603836312,53314404,76482,29969,18,3,0,10,9316422,162,1020.05,18.47,0.033,
2023/10/07,19:30:57.000,603836215,53313922,73763,24957,17,3,0,28,9316422,173,1020.04,18.48,0.033,
2023/10/07,19:31:27.000,603836210,53313256,68751,27378,19,3,0,11,9316422,150,1020.00,18.49,0.033,
2023/10/07,19:31:57.000,603836356,53313005,71172,24895,17,3,0,49,9316422,219,1019.97,18.49,0.033,
2023/10/07,19:32:27.000,603836249,53312889,68689,28377,17,3,0,37,9316422,162,1020.02,18.49,0.033,
2023/10/07,19:32:57.000,603836278,53313555,72171,33497,18,3,0,28,9316422,177,1020.04,18.49,0.033,
2023/10/07,19:33:27.000,603836341,53314146,77291,33687,17,3,0,75,9316422,193,1020.09,18.48,0.033,
2023/10/07,19:33:57.000,603836356,53314256,77481,31464,16,3,0,19,9316422,195,1020.17,18.49,0.033,
2023/10/07,19:34:27.000,603836146,53314210,75258,32290,18,3,0,82,9316422,192,1020.07,18.48,0.033,
2023/10/07,19:34:57.000,603836170,53314072,76083,33554,17,3,0,29,9316422,164,1020.05,18.47,0.033,
2023/10/07,19:35:27.000,603836155,53314650,77348,31182,17,3,0,33,9316422,158,1020.13,18.48,0.033,
2023/10/07,19:35:57.000,603836064,53315122,74976,31410,17,3,0,41,9316422,157,1020.16,18.49,0.033,
2023/10/07,19:36:27.000,603836201,53314899,75204,30478,14,3,0,21,9316422,225,1020.14,18.49,0.033,
2023/10/07,19:36:57.000,603836211,53314638,74271,26141,14,3,0,54,9316422,292,1020.15,18.48,0.033,
2023/10/07,19:37:27.000,603836173,53314384,69935,25746,15,3,0,130,9316422,197,1020.18,18.48,0.033,
2023/10/07,19:37:57.000,603836183,53314237,69540,23836,18,3,0,14,9316422,326,1020.18,18.48,0.033,
2023/10/07,19:38:27.000,603836217,53313537,67630,20646,16,3,0,40,9316422,209,1020.17,18.45,0.033,
2023/10/07,19:38:57.000,603836053,53313047,64440,23700,15,3,0,44,9316422,241,1020.18,18.45,0.033,
2023/10/07,19:39:27.000,603836160,53312427,67494,24859,16,3,0,27,9316422,177,1020.12,18.47,0.033,
2023/10/07,19:39:57.000,603836125,53312504,68653,30461,18,3,0,8,9316422,175,1020.25,18.46,0.033,
2023/10/07,19:40:27.000,603836288,53312776,74255,30794,14,3,0,22,9316422,188,1020.18,18.45,0.033,
2023/10/07,19:40:57.000,603836302,53312934,74588,30301,18,3,0,19,9316422,139,1020.21,18.43,0.033,
2023/10/07,19:41:27.000,603836189,53313455,74095,30050,15,3,0,35,9316422,168,1020.19,18.43,0.033,
2023/10/07,19:41:57.000,603836197,53313913,73844,30304,17,3,0,73,9316422,155,1020.22,18.42,0.033,
2023/10/07,19:42:27.000,603836398,53313255,74098,35582,16,3,0,109,9316422,175,1020.30,18.44,0.033,
2023/10/07,19:42:57.000,603836428,53312885,79375,38476,16,3,0,43,9316422,161,1020.30,18.45,0.033,
2023/10/07,19:43:27.000,603836483,53312047,82269,37011,18,3,0,24,9316422,136,1020.33,18.45,0.033,
2023/10/07,19:43:57.000,603836484,53311531,80805,37557,15,3,0,41,9316422,160,1020.30,18.46,0.033,
2023/10/07,19:44:27.000,603836600,53311948,81351,35014,15,3,0,59,9316422,160,1020.24,18.46,0.033,
2023/10/07,19:44:57.000,603836448,53312897,78807,34279,16,3,0,40,9316422,155,1020.28,18.47,0.033,
2023/10/07,19:45:27.000,603836311,53313568,78072,32612,15,3,0,81,9316422,350,1020.30,18.48,0.033,
2023/10/07,19:45:57.000,603836048,53314277,76406,34632,17,3,0,80,9316422,148,1020.35,18.48,0.033,
2023/10/07,19:46:27.000,603836118,53314173,78426,31837,17,3,0,22,9316422,132,1020.25,18.48,0.033,
2023/10/07,19:46:57.000,603836380,53312567,75630,38808,16,3,0,32,9316422,140,1020.28,18.47,0.033,
2023/10/07,19:47:27.000,603836888,53311691,82602,32416,18,3,0,76,9316422,155,1020.23,18.46,0.033,
2023/10/07,19:47:57.000,603836688,53312117,76210,29008,17,3,0,52,9316422,142,1020.32,18.44,0.033,
2023/10/07,19:48:27.000,603836633,53312473,72801,26903,18,3,0,50,9316422,142,1020.27,18.44,0.033,
2023/10/07,19:48:57.000,603836635,53312946,70697,26920,17,3,0,47,9316422,150,1020.36,18.45,0.033,
2023/10/07,19:49:27.000,603836438,53313630,70714,26459,17,3,0,134,9316422,133,1020.35,18.45,0.033,
2023/10/07,19:49:57.000,603836300,53313671,70253,26816,16,3,0,10,9316422,149,1020.37,18.47,0.033,
2023/10/07,19:50:27.000,603836162,53313541,70609,27688,18,3,0,59,9316422,158,1020.39,18.47,0.033,
2023/10/07,19:50:57.000,603836149,53314491,71481,31062,18,3,0,47,9316422,175,1020.38,18.45,0.033,
2023/10/07,19:51:27.000,603836223,53313861,74855,28419,17,3,0,61,9316422,136,1020.36,18.46,0.033,
2023/10/07,19:51:57.000,603835995,53313590,72212,30276,18,3,0,5,9316422,134,1020.40,18.47,0.033,
2023/10/07,19:52:27.000,603836198,53313236,74069,35080,18,3,0,54,9316422,136,1020.33,18.47,0.033,
2023/10/07,19:52:57.000,603836448,53312968,78874,33617,18,3,0,81,9316422,137,1020.37,18.47,0.033,
2023/10/07,19:53:27.000,603836365,53313468,77411,36585,17,3,0,15,9316422,146,1020.38,18.46,0.033,
2023/10/07,19:53:57.000,603836427,53314043,80379,40933,19,3,0,98,9316422,134,1020.33,18.44,0.033,
2023/10/07,19:54:27.000,603836549,53314065,84727,49914,16,3,0,96,9316422,153,1020.36,18.44,0.033,
2023/10/07,19:54:57.000,603836856,53314285,93707,49306,19,3,0,39,9316422,137,1020.38,18.43,0.033,
2023/10/07,19:55:27.000,603836930,53314362,93100,34487,16,3,0,73,9316422,150,1020.34,18.43,0.033,
2023/10/07,19:55:57.000,603836531,53313175,78281,28026,16,3,0,46,9316422,161,1020.46,18.40,0.033,
2023/10/07,19:56:27.000,603836451,53312363,71820,33869,16,3,0,16,9316422,154,1020.39,18.41,0.033,
2023/10/07,19:56:57.000,603836725,53312363,77663,42412,18,3,0,96,9316422,147,1020.42,18.41,0.033,
2023/10/07,19:57:27.000,603837018,53312987,86206,45021,18,3,0,12,9316422,131,1020.35,18.41,0.033,
2023/10/07,19:57:57.000,603837172,53312179,88814,45731,18,3,0,51,9316422,183,1020.43,18.42,0.033,
2023/10/07,19:58:27.000,603837128,53312253,89524,46732,17,3,0,90,9316422,182,1020.42,18.44,0.033,
2023/10/07,19:58:57.000,603837108,53312863,90526,43292,18,3,0,62,9316422,142,1020.43,18.44,0.033,
2023/10/07,19:59:27.000,603836849,53313425,87086,38625,17,3,0,30,9316422,162,1020.41,18.45,0.033,
2023/10/07,19:59:57.000,603836565,53313772,82419,47458,18,3,0,26,9316422,131,1020.39,18.46,0.033,
2023/10/07,20:00:27.000,603837182,53313100,91252,48701,16,3,0,57,9316422,154,1020.46,18.47,0.033,
2023/10/07,20:00:57.000,603837342,53313036,92495,44276,17,3,0,80,9316422,160,1020.49,18.47,0.033,
2023/10/07,20:01:27.000,603837131,53312646,88070,48088,18,3,0,18,9316422,167,1020.51,18.46,0.033,
2023/10/07,20:01:57.000,603837252,53311601,91882,49962,17,3,0,29,9316422,257,1020.44,18.47,0.033,
2023/10/07,20:02:27.000,603837417,53311343,93756,48940,17,3,0,3,9316422,184,1020.48,18.45,0.033,
2023/10/07,20:02:57.000,603837376,53311346,92734,42666,17,3,0,27,9316422,192,1020.43,18.46,0.033,
2023/10/07,20:03:27.000,603837011,53311380,86460,37067,19,3,0,65,9316422,182,1020.49,18.47,0.033,
2023/10/07,20:03:57.000,603836723,53311569,80861,42240,16,3,0,65,9316422,198,1020.53,18.47,0.033,
