gps_Date,gps_Time,gps_Lat,gps_Long,gps_Alt,gps_AltMSL,gps_SIV,gps_FixType,gps_CarrierSolution,gps_GroundSpeed,gps_Heading,gps_pDOP,pressure_hPa,pressure_degC,output_Hz,
2023/10/06,16:51:27.000,603836930,53311881,93630,49836,20,3,0,48,9993760,145,994.98,19.81,0.033,
2023/10/06,16:51:57.000,603836831,53312695,92518,48724,19,3,0,7,9993760,145,994.93,19.80,0.033,
2023/10/06,16:52:27.000,603836616,53312242,86706,42912,19,3,0,22,9993760,268,994.98,19.77,0.033,
2023/10/06,16:52:57.000,603836566,53311773,82446,38652,17,3,0,34,9993760,140,994.99,19.78,0.033,
2023/10/06,16:53:27.000,603836621,53312183,83847,40053,19,3,0,37,9993760,134,995.06,19.78,0.033,
2023/10/06,16:53:57.000,603837110,53312048,95330,51536,20,3,0,52,9993760,150,995.06,19.79,0.033,
2023/10/06,16:54:27.000,603837475,53311924,104144,60350,18,3,0,72,9993760,228,995.04,19.78,0.033,
2023/10/06,16:54:57.000,603837651,53312004,110431,66637,20,3,0,74,9993760,133,995.03,19.79,0.033,
2023/10/06,16:55:27.000,603837261,53311869,103211,59417,18,3,0,85,9993760,202,995.01,19.79,0.033,
2023/10/06,16:55:57.000,603836925,53312517,94492,50698,21,3,0,97,9993760,135,994.97,19.78,0.033,
2023/10/06,16:56:27.000,603836429,53312983,80536,36743,18,3,0,58,9993760,229,995.12,19.76,0.033,
2023/10/06,16:56:57.000,603836379,53312972,81020,37227,22,3,0,89,9993760,141,995.14,19.76,0.033,
2023/10/06,16:57:27.000,603836324,53313212,80835,37041,21,3,0,93,9993760,159,995.15,19.77,0.033,
2023/10/06,16:57:57.000,603836259,53313248,79294,35500,19,3,0,84,9993760,131,995.16,19.77,0.033,
2023/10/06,16:58:27.000,603836142,53313387,76171,32377,17,3,0,26,9993760,205,995.20,19.79,0.033,
2023/10/06,16:58:57.000,603835986,53313212,73677,29883,19,3,0,62,9993760,185,995.20,19.79,0.033,
2023/10/06,16:59:27.000,603836080,53312496,75900,32106,20,3,0,62,9993760,228,995.13,19.78,0.033,
2023/10/06,16:59:57.000,603836235,53312237,80164,36370,20,3,0,70,9993760,197,995.20,19.77,0.033,
2023/10/06,17:00:27.000,603836250,53312101,82537,38743,20,3,0,23,9993760,205,995.20,19.78,0.033,
2023/10/06,17:00:57.000,603836236,53311878,83718,39925,20,3,0,62,9993760,184,995.22,19.78,0.033,
2023/10/06,17:01:27.000,603836196,53312081,82861,39067,17,3,0,74,9993760,190,995.26,19.76,0.033,
2023/10/06,17:01:57.000,603836139,53312007,81311,37517,22,3,0,18,9993760,148,995.21,19.73,0.033,
2023/10/06,17:02:27.000,603836213,53312590,79584,35790,20,3,0,48,9993760,164,995.25,19.72,0.033,
2023/10/06,17:02:57.000,603836258,53312988,81362,37568,17,3,0,11,9993760,210,995.26,19.73,0.033,
2023/10/06,17:03:27.000,603836307,53312813,79627,35834,20,3,0,98,9993760,211,995.29,19.74,0.033,
2023/10/06,17:03:57.000,603836316,53313194,82027,38233,20,3,0,74,9993760,186,995.36,19.72,0.033,
2023/10/06,17:04:27.000,603836272,53312740,81064,37270,21,3,0,20,9993760,148,995.34,19.71,0.033,
2023/10/06,17:04:57.000,603836363,53312310,82846,39052,20,3,0,87,9993760,178,995.44,19.68,0.033,
2023/10/06,17:05:27.000,603836336,53312255,81729,37935,21,3,0,48,9993760,153,995.48,19.68,0.033,
2023/10/06,17:05:57.000,603836323,53312498,82672,38878,18,3,0,70,9993760,162,995.54,19.70,0.033,
2023/10/06,17:06:27.000,603836323,53312775,82546,38752,19,3,0,29,9993760,217,995.48,19.71,0.033,
2023/10/06,17:06:57.000,603836446,53312334,87152,43358,19,3,0,59,9993760,208,995.55,19.71,0.033,
2023/10/06,17:07:27.000,603836867,53313055,93589,49795,20,3,0,45,9993760,234,995.62,19.71,0.033,
2023/10/06,17:07:57.000,603837803,53313524,109772,65978,20,3,0,24,9993760,207,995.68,19.72,0.033,
2023/10/06,17:08:27.000,603837128,53313403,98916,55122,21,3,0,24,9993760,195,995.72,19.71,0.033,
2023/10/06,17:08:57.000,603836762,53313419,94310,50517,21,3,0,49,9993760,220,995.70,19.72,0.033,
2023/10/06,17:09:27.000,603836659,53313597,90874,47081,19,3,0,18,9993760,212,995.68,19.72,0.033,
2023/10/06,17:09:57.000,603836653,53314123,88289,44495,19,3,0,55,9993760,247,995.82,19.71,0.033,
2023/10/06,17:10:27.000,603836499,53314531,84960,41166,22,3,0,49,9993760,169,995.86,19.70,0.033,
2023/10/06,17:10:57.000,603836405,53314589,82627,38834,19,3,0,11,9993760,210,995.76,19.69,0.033,
2023/10/06,17:11:27.000,603836404,53315221,86792,42998,19,3,0,15,9993760,225,995.82,19.69,0.033,
2023/10/06,17:11:57.000,603836401,53315516,89171,45378,18,3,0,44,9993760,167,995.85,19.69,0.033,
2023/10/06,17:12:27.000,603836360,53315960,85357,41564,19,3,0,24,9993760,182,995.88,19.71,0.033,
2023/10/06,17:12:57.000,603836441,53315672,85583,41789,22,3,0,79,9993760,206,995.93,19.71,0.033,
2023/10/06,17:13:27.000,603837070,53315322,97879,54086,19,3,0,43,9993760,180,996.09,19.71,0.033,
2023/10/06,17:13:57.000,603837141,53315472,101310,57516,20,3,0,48,9993760,177,996.06,19.71,0.033,
2023/10/06,17:14:27.000,603836848,53314964,94633,50839,21,3,0,39,9993760,171,995.97,19.70,0.033,
2023/10/06,17:14:57.000,603836727,53314235,90732,46938,20,3,0,20,9993760,219,996.05,19.68,0.033,
2023/10/06,17:15:27.000,603836531,53314382,83814,40021,19,3,0,45,9993760,265,996.03,19.69,0.033,
2023/10/06,17:15:57.000,603836479,53314436,82568,38774,22,3,0,31,9993760,180,996.16,19.69,0.033,
2023/10/06,17:16:27.000,603836655,53314601,90931,47137,22,3,0,105,9993760,165,996.10,19.69,0.033,
2023/10/06,17:16:57.000,603836457,53314958,92001,48207,18,3,0,74,9993760,233,996.10,19.69,0.033,
2023/10/06,17:17:27.000,603836294,53315417,88401,44608,20,3,0,39,9993760,189,996.07,19.69,0.033,
2023/10/06,17:17:57.000,603836185,53315488,83335,39541,20,3,0,35,9993760,184,996.13,19.66,0.033,
2023/10/06,17:18:27.000,603836372,53314816,84041,40247,18,3,0,26,9993760,238,996.17,19.66,0.033,
2023/10/06,17:18:57.000,603836292,53315011,81227,37434,22,3,0,19,9993760,185,996.13,19.68,0.033,
2023/10/06,17:19:27.000,603836162,53315037,79167,35373,21,3,0,43,9993760,158,996.12,19.70,0.033,
2023/10/06,17:19:57.000,603836075,53314731,74317,30523,19,3,0,69,9993760,222,996.13,19.71,0.033,
2023/10/06,17:20:27.000,603836101,53314336,72997,29203,21,3,0,14,9993760,243,996.18,19.72,0.033,
2023/10/06,17:20:57.000,603836205,53314169,73011,29218,21,3,0,35,9993760,179,996.19,19.72,0.033,
2023/10/06,17:21:27.000,603836321,53314008,76199,32405,18,3,0,29,9993760,214,996.22,19.71,0.033,
2023/10/06,17:21:57.000,603836209,53313299,72893,29099,20,3,0,51,9993760,159,996.26,19.70,0.033,
2023/10/06,17:22:27.000,603836099,53313148,70373,26579,21,3,0,28,9993760,190,996.17,19.70,0.033,
2023/10/06,17:22:57.000,603836089,53313006,69659,25865,19,3,0,27,9993760,172,996.25,19.69,0.033,
2023/10/06,17:23:27.000,603836021,53313508,70740,26946,19,3,0,43,9993760,155,996.33,19.68,0.033,
2023/10/06,17:23:57.000,603835825,53314402,71426,27633,20,3,0,12,9993760,196,996.31,19.66,0.033,
2023/10/06,17:24:27.000,603835738,53315121,74576,30783,17,3,0,31,9993760,189,996.28,19.65,0.033,
2023/10/06,17:24:57.000,603835783,53315747,76338,32544,19,3,0,44,9993760,232,996.34,19.63,0.033,
2023/10/06,17:25:27.000,603835791,53316018,75481,31687,21,3,0,28,9993760,224,996.36,19.64,0.033,
2023/10/06,17:25:57.000,603835782,53316192,73508,29714,17,3,0,28,9993760,209,996.35,19.64,0.033,
2023/10/06,17:26:27.000,603835867,53316259,75879,32086,19,3,0,23,9993760,201,996.38,19.62,0.033,
2023/10/06,17:26:57.000,603835694,53316040,70775,26981,21,3,0,43,9993760,232,996.49,19.63,0.033,
2023/10/06,17:27:27.000,603835510,53315236,66070,22276,20,3,0,39,9993760,172,996.45,19.65,0.033,
2023/10/06,17:27:57.000,603835419,53314908,65817,22023,17,3,0,38,9993760,182,996.45,19.63,0.033,
2023/10/06,17:28:27.000,603835592,53314928,70371,26578,19,3,0,32,9993760,234,996.41,19.63,0.033,
2023/10/06,17:28:57.000,603835827,53314997,75623,31829,16,3,0,12,9993760,267,996.44,19.59,0.033,
2023/10/06,17:29:27.000,603835900,53316106,79317,35523,17,3,0,30,9993760,251,996.53,19.55,0.033,
2023/10/06,17:29:57.000,603835752,53316265,70737,26943,17,3,0,21,9993760,267,996.62,19.52,0.033,
2023/10/06,17:30:27.000,603835797,53316031,69884,26091,22,3,0,13,9993760,221,996.71,19.49,0.033,
2023/10/06,17:30:57.000,603835920,53315858,68782,24988,17,3,0,60,9993760,273,996.57,19.49,0.033,
2023/10/06,17:31:27.000,603835914,53316089,64118,20325,16,3,0,26,9993760,252,996.57,19.49,0.033,
2023/10/06,17:31:57.000,603835948,53315918,63022,19228,21,3,0,28,9993760,186,996.66,19.50,0.033,
2023/10/06,17:32:27.000,603835838,53316533,64283,20490,19,3,0,35,9993760,187,996.55,19.51,0.033,
2023/10/06,17:32:57.000,603836076,53315685,68375,24582,20,3,0,59,9993760,211,996.67,19.54,0.033,
2023/10/06,17:33:27.000,603836201,53315124,72359,28566,17,3,0,22,9993760,174,996.70,19.55,0.033,
2023/10/06,17:33:57.000,603836204,53314859,73361,29567,18,3,0,64,9993760,171,996.68,19.55,0.033,
2023/10/06,17:34:27.000,603836156,53315460,77353,33559,17,3,0,37,9993760,217,996.82,19.56,0.033,
2023/10/06,17:34:57.000,603835974,53315837,74655,30861,16,3,0,70,9993760,230,996.81,19.56,0.033,
2023/10/06,17:35:27.000,603836068,53315621,73821,30028,18,3,0,55,9993760,242,996.82,19.59,0.033,
2023/10/06,17:35:57.000,603836503,53315110,80029,36235,16,3,0,95,9993760,181,996.92,19.58,0.033,
2023/10/06,17:36:27.000,603836562,53314768,77334,33540,20,3,0,36,9993760,152,996.86,19.56,0.033,
2023/10/06,17:36:57.000,603836761,53314030,78016,34222,21,3,0,31,9993760,153,996.88,19.56,0.033,
2023/10/06,17:37:27.000,603836618,53313454,69517,25723,20,3,0,41,9993760,195,996.87,19.58,0.033,
2023/10/06,17:37:57.000,603836716,53313439,68458,24664,21,3,0,33,9993760,143,996.96,19.56,0.033,
2023/10/06,17:38:27.000,603836836,53313036,70086,26292,20,3,0,3,9993760,152,996.91,19.57,0.033,
2023/10/06,17:38:57.000,603836606,53313059,69417,25623,20,3,0,18,9993760,167,997.04,19.57,0.033,
2023/10/06,17:39:27.000,603836705,53313125,73864,30071,18,3,0,40,9993760,173,996.94,19.58,0.033,
2023/10/06,17:39:57.000,603836637,53313613,74263,30469,19,3,0,18,9993760,181,996.93,19.58,0.033,
2023/10/06,17:40:27.000,603836506,53313426,70475,26681,20,3,0,32,9993760,171,996.97,19.55,0.033,
2023/10/06,17:40:57.000,603836457,53312983,66114,22320,19,3,0,18,9993760,176,997.00,19.54,0.033,
2023/10/06,17:41:27.000,603836345,53312887,62856,19062,17,3,0,64,9993760,160,997.12,19.52,0.033,
2023/10/06,17:41:57.000,603836366,53312460,62594,18801,19,3,0,2,9993760,188,997.07,19.52,0.033,
2023/10/06,17:42:27.000,603836281,53312120,62127,18333,19,3,0,23,9993760,204,997.17,19.53,0.033,
2023/10/06,17:42:57.000,603836336,53312219,63278,19484,19,3,0,28,9993760,185,997.16,19.53,0.033,
2023/10/06,17:43:27.000,603836212,53312250,61077,17283,20,3,0,34,9993760,166,997.09,19.56,0.033,
2023/10/06,17:43:57.000,603836254,53312075,56365,12571,17,3,0,39,9993760,187,997.12,19.56,0.033,
2023/10/06,17:44:27.000,603836500,53311987,57960,14167,17,3,0,35,9993760,156,997.18,19.56,0.033,
2023/10/06,17:44:57.000,603836581,53312148,57835,14041,19,3,0,42,9993760,183,997.14,19.55,0.033,
2023/10/06,17:45:27.000,603836515,53312355,58344,14550,17,3,0,42,9993760,202,997.21,19.51,0.033,
2023/10/06,17:45:57.000,603836334,53312925,60318,16524,19,3,0,44,9993760,200,997.20,19.49,0.033,
2023/10/06,17:46:27.000,603836595,53312506,69204,25410,19,3,0,19,9993760,151,997.32,19.51,0.033,
2023/10/06,17:46:57.000,603836940,53312158,75108,31314,20,3,0,37,9993760,148,997.28,19.51,0.033,
2023/10/06,17:47:27.000,603837082,53312134,77410,33616,18,3,0,18,9993760,154,997.22,19.52,0.033,
2023/10/06,17:47:57.000,603837032,53311599,73300,29506,20,3,0,55,9993760,145,997.24,19.54,0.033,
2023/10/06,17:48:27.000,603837076,53311516,76176,32382,21,3,0,42,9993760,137,997.44,19.55,0.033,
2023/10/06,17:48:57.000,603836953,53311577,75938,32144,20,3,0,32,9993760,141,997.41,19.55,0.033,
2023/10/06,17:49:27.000,603836810,53311818,75359,31565,17,3,0,48,9993760,231,997.44,19.56,0.033,
2023/10/06,17:49:57.000,603836687,53312177,73621,29827,19,3,0,31,9993760,176,997.42,19.55,0.033,
2023/10/06,17:50:27.000,603836518,53312231,69070,25276,19,3,0,38,9993760,146,997.37,19.55,0.033,
2023/10/06,17:50:57.000,603836447,53312003,66292,22498,21,3,0,58,9993760,141,997.35,19.55,0.033,
2023/10/06,17:51:27.000,603836260,53312336,62649,18856,20,3,0,14,9993760,163,997.49,19.53,0.033,
